INSTANCES:
104 0 1 67.5808 -0.00678301 -51.5841 180 181.607 0 0.000441354 0.000441354 0.000441354
104 0 1 68.9891 -2.06434 -53.2665 180 194.59 0 0.000486471 0.000486471 0.000486471
104 0 1 0 7.01767 0 0 0 0 0 0 0
104 0 1 67.5808 -0.00678301 -51.5841 180 181.607 0 0.000441354 0.000441354 0.000441354
104 0 1 68.9891 -2.06434 -53.2665 180 194.59 0 0.000486471 0.000486471 0.000486471
104 0 1 0 7.01767 0 0 0 0 0 0 0
104 0 1 0 7.01767 0 0 0 0 0 0 0
104 0 1 56.3025 -2.75766 -57.309 180 270.438 0 0.000509524 0.000509524 0.000509524
104 0 1 55.057 -1.63769 -55.1276 180 1.08368 0 0.000601527 0.000601527 0.000601527
104 0 1 56.2892 -2.38462 -56.1517 180 79.5017 0 0.000581093 0.000581093 0.000581093
104 0 1 55.1726 -1.90579 -55.9179 180 319.925 0 0.000610057 0.000610057 0.000610057
104 0 1 56.4686 -2.38462 -56.7322 180 318.942 0 0.000377147 0.000377147 0.000377147
104 0 1 56.5835 -2.03381 -55.7302 180 67.4918 0 0.000552929 0.000552929 0.000552929
104 0 1 54.8528 -1.55841 -55.9795 180 353.123 0 0.000462768 0.000462768 0.000462768
104 0 1 54.3518 -1.55841 -56.7773 180 339.484 0 0.000614373 0.000614373 0.000614373
104 0 1 57.3481 -1.66296 -53.2893 180 313.231 0 0.00038422 0.00038422 0.00038422
104 0 1 58.4775 -3.05192 -54.9856 180 214.892 0 0.000555735 0.000555735 0.000555735
104 0 1 57.3293 -1.66296 -53.546 180 350.368 0 0.000608667 0.000608667 0.000608667
104 0 1 57.2264 -2.55305 -55.1789 180 7.21257 0 0.00035838 0.00035838 0.00035838
104 0 1 56.4058 -1.78135 -54.3829 180 186.946 0 0.00054412 0.00054412 0.00054412
104 0 1 59.5952 -2.59134 -54.0851 180 17.2175 0 0.000478598 0.000478598 0.000478598
104 0 1 57.8217 -2.55305 -54.9503 180 137.324 0 0.000329047 0.000329047 0.000329047
104 0 1 57.2182 -1.13848 -52.4303 180 330.259 0 0.000351471 0.000351471 0.000351471
104 0 1 57.564 -1.66296 -53.3572 180 45.8075 0 0.000405734 0.000405734 0.000405734
104 0 1 56.607 -1.53171 -53.5529 180 234.876 0 0.000613334 0.000613334 0.000613334
104 0 1 56.629 -2.35709 -63.6251 180 117.051 0 0.00062369 0.00062369 0.00062369
104 0 1 57.3846 -3.44663 -63.5939 180 189.165 0 0.000351446 0.000351446 0.000351446
104 0 1 57.3226 -4.02504 -65.359 180 317.551 0 0.000429576 0.000429576 0.000429576
104 0 1 57.6378 -4.02504 -65.7401 180 197.716 0 0.000534246 0.000534246 0.000534246
104 0 1 58.0765 -5.12818 -65.1665 180 179.711 0 0.00057582 0.00057582 0.00057582
104 0 1 57.1459 -4.02504 -65.2802 180 277.419 0 0.000621602 0.000621602 0.000621602
104 0 1 102.852 -9.07738 -61.529 180 72.8209 0 0.000350695 0.000350695 0.000350695
104 0 1 103.475 -9.07738 -61.5769 180 170.27 0 0.000344953 0.000344953 0.000344953
104 0 1 103.605 -9.4046 -62.4943 180 27.1524 0 0.000404152 0.000404152 0.000404152
104 0 1 102.338 -9.50812 -63.7695 180 205.797 0 0.000389774 0.000389774 0.000389774
104 0 1 102.656 -9.50812 -63.6747 180 328.904 0 0.000530604 0.000530604 0.000530604
104 0 1 103.021 -8.09437 -59.3215 180 66.7871 0 0.000506634 0.000506634 0.000506634
104 0 1 102.488 -9.17504 -62.5818 180 316.517 0 0.000426607 0.000426607 0.000426607
104 0 1 100.285 -7.60623 -59.2542 180 238.939 0 0.000584953 0.000584953 0.000584953
104 0 1 100.176 -7.60623 -59.8407 180 301.92 0 0.000405553 0.000405553 0.000405553
104 0 1 99.8977 -8.05672 -60.0081 180 334.248 0 0.000378455 0.000378455 0.000378455
104 0 1 97.7975 -6.23945 -57.618 180 30.1357 0 0.000533681 0.000533681 0.000533681
104 0 1 99.1572 -6.36106 -57.8178 180 118.156 0 0.000426716 0.000426716 0.000426716
104 0 1 101.244 -7.76398 -58.971 180 262.632 0 0.000356642 0.000356642 0.000356642
104 0 1 95.6175 -7.48436 -59.9658 180 255.309 0 0.000444552 0.000444552 0.000444552
104 0 1 97.0652 -7.4224 -59.5024 180 339.227 0 0.000448536 0.000448536 0.000448536
104 0 1 98.1205 -7.45377 -59.1431 180 102.081 0 0.000480408 0.000480408 0.000480408
104 0 1 94.2889 -6.36476 -58.5852 180 207.593 0 0.000362523 0.000362523 0.000362523
104 0 1 96.507 -5.47259 -56.1698 180 147.781 0 0.000444066 0.000444066 0.000444066
104 0 1 97.9999 -5.13581 -55.1493 180 191.149 0 0.000482655 0.000482655 0.000482655
104 0 1 97.0236 -5.04296 -55.8511 180 158.764 0 0.0003137 0.0003137 0.0003137
104 0 1 99.0153 -6.9654 -58.2068 180 273.339 0 0.000372281 0.000372281 0.000372281
104 0 1 99.2319 -6.36106 -56.9198 180 310.434 0 0.000569581 0.000569581 0.000569581
104 0 1 97.1738 -5.04296 -55.4402 180 310.084 0 0.000408703 0.000408703 0.000408703
104 0 1 97.1082 -6.23945 -57.1133 180 75.866 0 0.000429898 0.000429898 0.000429898
104 0 1 96.0471 -4.32483 -53.9484 180 313.837 0 0.000391908 0.000391908 0.000391908
104 0 1 96.3115 -5.47259 -56.7611 180 203.948 0 0.000544579 0.000544579 0.000544579
104 0 1 98.8742 -4.08161 -53.2982 180 52.5251 0 0.000594231 0.000594231 0.000594231
104 0 1 95.2703 -4.17536 -54.5412 180 339.786 0 0.000403092 0.000403092 0.000403092
104 0 1 97.6174 -4.46335 -53.9909 180 47.6104 0 0.000451561 0.000451561 0.000451561
104 0 1 98.2084 -5.13581 -55.4694 180 358.377 0 0.000531285 0.000531285 0.000531285
104 0 1 99.2551 -6.36106 -57.1569 180 241.913 0 0.000453542 0.000453542 0.000453542
104 0 1 96.1529 -3.64717 -53.7573 180 318.378 0 0.000325739 0.000325739 0.000325739
104 0 1 95.5748 -2.71945 -52.0977 180 279.871 0 0.000366196 0.000366196 0.000366196
104 0 1 99.0216 -5.17511 -55.5276 180 346.964 0 0.000516062 0.000516062 0.000516062
104 0 1 98.1454 -3.28485 -52.8223 180 268.369 0 0.000354835 0.000354835 0.000354835
104 0 1 94.8522 -4.17536 -54.0897 180 103.81 0 0.000384976 0.000384976 0.000384976
104 0 1 97.0508 -3.81459 -53.6648 180 73.0821 0 0.000352681 0.000352681 0.000352681
104 0 1 97.6145 -3.81459 -53.3495 180 64.2881 0 0.000615579 0.000615579 0.000615579
104 0 1 97.7306 -3.81459 -53.8678 180 33.8347 0 0.000333434 0.000333434 0.000333434
104 0 1 96.7173 -2.87747 -52.3265 180 305.184 0 0.000347263 0.000347263 0.000347263
104 0 1 97.3837 -2.21556 -51.466 180 147.172 0 0.000470031 0.000470031 0.000470031
104 0 1 97.0505 -2.21556 -51.5588 180 315.791 0 0.000324355 0.000324355 0.000324355
104 0 1 97.9699 -4.58075 -54.086 180 220.545 0 0.000416754 0.000416754 0.000416754
104 0 1 99.0376 -3.43796 -52.5454 180 134.127 0 0.000433701 0.000433701 0.000433701
104 0 1 99.0523 -5.17511 -55.1081 180 164.532 0 0.000545221 0.000545221 0.000545221
104 0 1 95.452 -3.4909 -53.0405 180 43.8797 0 0.000570947 0.000570947 0.000570947
104 0 1 100.538 -5.14741 -55.3121 180 191.976 0 0.000500929 0.000500929 0.000500929
104 0 1 98.2992 -3.28485 -52.7868 180 248.792 0 0.00053405 0.00053405 0.00053405
104 0 1 99.7917 -4.64033 -54.0746 180 199.118 0 0.000325036 0.000325036 0.000325036
104 0 1 101.814 -5.71642 -56.2523 180 354.193 0 0.000442259 0.000442259 0.000442259
104 0 1 100.763 -7.029 -58.0422 180 265.01 0 0.000443047 0.000443047 0.000443047
104 0 1 101.357 -7.1262 -58.1611 180 31.9902 0 0.000369787 0.000369787 0.000369787
104 0 1 94.9649 -7.19373 -59.7849 180 96.6657 0 0.00053491 0.00053491 0.00053491
104 0 1 95.5393 -7.48436 -60.78 180 254.738 0 0.000375552 0.000375552 0.000375552
104 0 1 94.1217 -7.2767 -60.064 180 198.796 0 0.00036789 0.00036789 0.00036789
104 0 1 95.2677 -7.19373 -59.5725 180 142.5 0 0.000454578 0.000454578 0.000454578
104 0 1 94.3653 -7.9761 -64.8513 180 287.738 0 0.000543833 0.000543833 0.000543833
104 0 1 93.9762 -7.3953 -61.2971 180 112.718 0 0.000549174 0.000549174 0.000549174
104 0 1 92.2734 -9.17117 -66.2246 180 277.742 0 0.000511431 0.000511431 0.000511431
104 0 1 86.5135 -7.9118 -65.8849 180 79.8778 0 0.00038815 0.00038815 0.00038815
104 0 1 86.1335 -7.54104 -65.1713 180 68.1046 0 0.000509107 0.000509107 0.000509107
104 0 1 89.0286 -9.33134 -68.9449 180 131.446 0 0.000475462 0.000475462 0.000475462
104 0 1 87.6139 -9.01278 -70.1087 180 342.773 0 0.000559656 0.000559656 0.000559656
104 0 1 86.122 -8.47955 -68.2709 180 113.417 0 0.000518564 0.000518564 0.000518564
104 0 1 83.4284 -7.62655 -71.0725 180 33.7616 0 0.000576208 0.000576208 0.000576208
104 0 1 64.6167 -6.29649 -58.2504 180 283.463 0 0.000494901 0.000494901 0.000494901
104 0 1 63.9307 -7.50251 -59.5147 180 91.4336 0 0.000610827 0.000610827 0.000610827
104 0 1 61.0181 -5.87993 -58.9702 180 249.319 0 0.0005272 0.0005272 0.0005272
104 0 1 61.477 -7.20201 -61.6988 180 267.602 0 0.000354014 0.000354014 0.000354014
104 0 1 62.7742 -8.76637 -63.4733 180 223.923 0 0.000565466 0.000565466 0.000565466
104 0 1 61.5683 -8.13605 -68.5805 180 19.6671 0 0.000487019 0.000487019 0.000487019
104 0 1 64.2833 -10.3193 -66.1594 180 112.344 0 0.000528213 0.000528213 0.000528213
104 0 1 84.8835 -11.0124 -90.6471 180 214.505 0 0.000600046 0.000600046 0.000600046
104 0 1 84.945 -11.133 -91.167 180 164.683 0 0.000348375 0.000348375 0.000348375
104 0 1 78.9322 -8.35327 -91.3007 180 63.8027 0 0.000621031 0.000621031 0.000621031
104 0 1 78.9789 -8.71757 -92.0085 180 197.142 0 0.000593804 0.000593804 0.000593804
104 0 1 80.9352 -10.793 -96.7436 180 156.168 0 0.000371371 0.000371371 0.000371371
104 0 1 76.226 -6.32915 -98.3501 180 347.657 0 0.000521439 0.000521439 0.000521439
104 0 1 88.6895 -8.71807 -113.41 180 11.5112 0 0.000577649 0.000577649 0.000577649
104 0 1 91.5669 -10.4444 -116.598 180 113.056 0 0.000598173 0.000598173 0.000598173
104 0 1 92.3204 -10.4255 -118.325 180 153.023 0 0.000558883 0.000558883 0.000558883
104 0 1 93.0175 -10.7603 -118.038 180 294.849 0 0.000568556 0.000568556 0.000568556
104 0 1 92.8252 -10.616 -120.566 180 176.563 0 0.000562097 0.000562097 0.000562097
104 0 1 90.9619 -10.8551 -125.48 180 12.3299 0 0.000572958 0.000572958 0.000572958
104 0 1 86.3679 -7.96785 -124.548 180 113.126 0 0.000473117 0.000473117 0.000473117
104 0 1 88.9846 -9.4989 -126.448 180 31.8699 0 0.000540023 0.000540023 0.000540023
104 0 1 87.9931 -8.8521 -127.348 180 281.275 0 0.000516988 0.000516988 0.000516988
104 0 1 86.0525 -7.73452 -128.384 180 344.451 0 0.000593772 0.000593772 0.000593772
104 0 1 85.3442 -8.05895 -134.005 180 101.079 0 0.000555141 0.000555141 0.000555141
104 0 1 84.4683 -7.27401 -134.795 180 276.814 0 0.000507446 0.000507446 0.000507446
104 0 1 82.9978 -6.04758 -137.84 180 231.211 0 0.00053549 0.00053549 0.00053549
104 0 1 85.8219 -7.27943 -140.52 180 37.6093 0 0.000403587 0.000403587 0.000403587
104 0 1 89.1898 -10.9025 -143.74 180 287.008 0 0.000383972 0.000383972 0.000383972
104 0 1 85.526 -7.36264 -143.111 180 1.28717 0 0.000623184 0.000623184 0.000623184
104 0 1 87.4502 -9.24887 -144.145 180 191.714 0 0.000517621 0.000517621 0.000517621
104 0 1 82.9535 -7.07008 -144.677 180 121.332 0 0.000549371 0.000549371 0.000549371
104 0 1 83.1837 -7.07008 -144.154 180 229.832 0 0.000529967 0.000529967 0.000529967
104 0 1 81.6434 -8.68136 -147.902 180 293.176 0 0.000489875 0.000489875 0.000489875
104 0 1 82.6654 -8.32839 -145.921 180 180.628 0 0.000315953 0.000315953 0.000315953
104 0 1 83.576 -10.1692 -148.143 180 168.584 0 0.000320287 0.000320287 0.000320287
104 0 1 78.2419 -8.05023 -149.139 180 269.272 0 0.000548332 0.000548332 0.000548332
104 0 1 79.3847 -7.27385 -147.132 180 337.185 0 0.000592071 0.000592071 0.000592071
104 0 1 79.7536 -9.86675 -150.708 180 95.4408 0 0.000324083 0.000324083 0.000324083
104 0 1 77.2203 -8.44753 -149.959 180 94.9628 0 0.000527949 0.000527949 0.000527949
104 0 1 74.5663 -5.31533 -147.634 180 314.739 0 0.000489874 0.000489874 0.000489874
104 0 1 75.0293 -6.76768 -148.634 180 185.786 0 0.000493743 0.000493743 0.000493743
104 0 1 78.4819 -8.72501 -149.788 180 105.397 0 0.000557785 0.000557785 0.000557785
104 0 1 77.2256 -7.37593 -148.061 180 103.309 0 0.000449092 0.000449092 0.000449092
104 0 1 75.4148 -8.54072 -151.033 180 303.458 0 0.000521958 0.000521958 0.000521958
104 0 1 73.7788 -9.07009 -152.761 180 316.725 0 0.000408233 0.000408233 0.000408233
104 0 1 73.7752 -8.08834 -151.262 180 183.843 0 0.000427949 0.000427949 0.000427949
104 0 1 75.6379 -7.9425 -150.326 180 148.221 0 0.00051946 0.00051946 0.00051946
104 0 1 71.4886 -6.42439 -150.03 180 118.92 0 0.000408081 0.000408081 0.000408081
104 0 1 72.9481 -7.30214 -150.443 180 103.261 0 0.000482993 0.000482993 0.000482993
104 0 1 73.3246 -7.30214 -150.465 180 297.805 0 0.000433324 0.000433324 0.000433324
104 0 1 70.8575 -7.42823 -152.949 180 248.131 0 0.000578973 0.000578973 0.000578973
104 0 1 72.9086 -9.07009 -153.4 180 324.271 0 0.000406972 0.000406972 0.000406972
104 0 1 72.183 -8.3303 -151.751 180 75.4832 0 0.000407349 0.000407349 0.000407349
104 0 1 69.9506 -7.42823 -153.53 180 27.3783 0 0.000491683 0.000491683 0.000491683
104 0 1 70.1116 -7.42823 -153.25 180 345.551 0 0.000383745 0.000383745 0.000383745
104 0 1 71.2546 -8.0951 -154.133 180 105.291 0 0.00037189 0.00037189 0.00037189
104 0 1 72.2605 -9.02764 -155.714 180 251.396 0 0.000434438 0.000434438 0.000434438
104 0 1 71.8165 -8.35967 -156.16 180 56.5502 0 0.00041297 0.00041297 0.00041297
104 0 1 71.4366 -8.0951 -153.798 180 23.2595 0 0.000455775 0.000455775 0.000455775
104 0 1 68.7781 -6.52577 -155.516 180 115.127 0 0.000331327 0.000331327 0.000331327
104 0 1 71.3515 -10.4875 -160.212 180 111.556 0 0.000354517 0.000354517 0.000354517
104 0 1 71.6347 -9.58812 -157.722 180 160.05 0 0.000530466 0.000530466 0.000530466
104 0 1 73.1475 -9.71212 -156.468 180 277.908 0 0.000338954 0.000338954 0.000338954
104 0 1 72.5051 -9.58769 -157.59 180 126.034 0 0.00057323 0.00057323 0.00057323
104 0 1 73.0057 -11.2758 -159.39 180 145.045 0 0.000381748 0.000381748 0.000381748
104 0 1 74.398 -10.7848 -157.336 180 282.503 0 0.000580261 0.000580261 0.000580261
104 0 1 76.8641 -13.4439 -158.802 180 97.1077 0 0.00032485 0.00032485 0.00032485
104 0 1 80.2368 -13.9608 -157.235 180 196.417 0 0.000327362 0.000327362 0.000327362
104 0 1 79.8737 -13.9608 -157.552 180 172.076 0 0.000465691 0.000465691 0.000465691
104 0 1 80.1226 -13.9608 -157.205 180 314.797 0 0.000416786 0.000416786 0.000416786
104 0 1 81.9418 -16.2509 -161.48 180 295.499 0 0.000366332 0.000366332 0.000366332
104 0 1 85.1183 -16.9088 -157.766 180 302.978 0 0.000452146 0.000452146 0.000452146
104 0 1 81.7997 -15.7869 -159.817 180 148.659 0 0.000545405 0.000545405 0.000545405
104 0 1 96.1973 -19.6465 -171.599 180 29.7413 0 0.000427822 0.000427822 0.000427822
104 0 1 97.0974 -19.6252 -173.255 180 295.646 0 0.000420901 0.000420901 0.000420901
104 0 1 258.903 1 -445.347 180 258.322 0 0.000606263 0.000606263 0.000606263
104 0 1 261.294 1 -445.964 180 236.11 0 0.000404118 0.000404118 0.000404118
104 0 1 267.012 1 -444.881 180 140.248 0 0.000500876 0.000500876 0.000500876
104 0 1 268.023 1 -443.686 180 142.73 0 0.000385098 0.000385098 0.000385098
104 0 1 274.524 1 -436.643 180 212.679 0 0.000366017 0.000366017 0.000366017
104 0 1 275.043 1 -433.958 180 36.7684 0 0.00042783 0.00042783 0.00042783
104 0 1 99.0676 -19.5793 -161.267 180 354.993 0 0.000331335 0.000331335 0.000331335
104 0 1 100.519 -19.4852 -158.364 180 241.442 0 0.000379877 0.000379877 0.000379877
104 0 1 290.827 1 -426.852 180 62.4264 0 0.000464236 0.000464236 0.000464236
104 0 1 294.057 1 -421.193 180 184.809 0 0.000319819 0.000319819 0.000319819
104 0 1 97.8313 -17.7657 -142.8 180 109.467 0 0.000618349 0.000618349 0.000618349
104 0 1 98.0058 -17.3545 -141.138 180 199.281 0 0.00034077 0.00034077 0.00034077
104 0 1 99.7333 -17.4975 -139.762 180 202.898 0 0.000327736 0.000327736 0.000327736
104 0 1 99.2044 -16.8321 -139.427 180 50.2529 0 0.000448888 0.000448888 0.000448888
104 0 1 101.982 -17.1212 -137.529 180 347.995 0 0.000446826 0.000446826 0.000446826
104 0 1 106.135 -18.1536 -136.248 180 275.633 0 0.000428587 0.000428587 0.000428587
104 0 1 109.886 -18.0797 -133.826 180 107.768 0 0.000560293 0.000560293 0.000560293
104 0 1 108.122 -17.5687 -133.745 180 39.9716 0 0.000403897 0.000403897 0.000403897
104 0 1 107.191 -15.1966 -127.506 180 37.115 0 0.000393494 0.000393494 0.000393494
104 0 1 104.222 -15.1027 -120.153 180 261.676 0 0.000444097 0.000444097 0.000444097
104 0 1 91.9276 -12.7621 -103.661 180 196.409 0 0.000605191 0.000605191 0.000605191
104 0 1 92.8103 -12.8421 -100.458 180 161.289 0 0.000395758 0.000395758 0.000395758
104 0 1 94.2381 -14.561 -101.693 180 186.335 0 0.000359663 0.000359663 0.000359663
104 0 1 95.7105 -14.9793 -100.226 180 98.3148 0 0.00035471 0.00035471 0.00035471
104 0 1 95.5304 -14.4586 -98.479 180 77.8362 0 0.000481519 0.000481519 0.000481519
104 0 1 93.9943 -13.8972 -98.3346 180 71.1794 0 0.000554723 0.000554723 0.000554723
104 0 1 96.0273 -14.8587 -97.9956 180 245.358 0 0.000498962 0.000498962 0.000498962
104 0 1 96.6014 -14.8587 -98.022 180 329.241 0 0.000432518 0.000432518 0.000432518
104 0 1 100.274 -15.6321 -96.5563 180 157.356 0 0.000431167 0.000431167 0.000431167
104 0 1 100.675 -15.5994 -95.656 180 313.372 0 0.00045268 0.00045268 0.00045268
104 0 1 103.763 -16.6854 -95.6909 180 270.114 0 0.000508771 0.000508771 0.000508771
104 0 1 99.3742 -15.4162 -97.0174 180 10.1008 0 0.000546925 0.000546925 0.000546925
104 0 1 102.521 -16.1382 -96.9311 180 171.3 0 0.000332337 0.000332337 0.000332337
104 0 1 100.573 -15.5994 -95.0659 180 331.954 0 0.000557648 0.000557648 0.000557648
104 0 1 102.318 -16.2787 -96.2073 180 333.672 0 0.000546916 0.000546916 0.000546916
104 0 1 104.099 -17.1284 -96.6786 180 221.259 0 0.000430996 0.000430996 0.000430996
104 0 1 104.006 -16.6815 -91.4874 180 315.507 0 0.000378637 0.000378637 0.000378637
104 0 1 102.113 -15.7558 -90.5024 180 88.0658 0 0.000339766 0.000339766 0.000339766
104 0 1 104.038 -16.6313 -89.7461 180 236.685 0 0.000516996 0.000516996 0.000516996
104 0 1 102.81 -16.2062 -89.9088 180 34.5825 0 0.000608975 0.000608975 0.000608975
104 0 1 105.316 -16.5301 -86.4449 180 22.637 0 0.000346384 0.000346384 0.000346384
104 0 1 102.509 -14.9102 -85.2822 180 41.3037 0 0.000321924 0.000321924 0.000321924
104 0 1 102.265 -14.9102 -85.819 180 275.582 0 0.000334206 0.000334206 0.000334206
104 0 1 105.877 -16.1842 -82.9365 180 108.559 0 0.000362806 0.000362806 0.000362806
104 0 1 102.231 -14.1438 -81.3385 180 88.6825 0 0.000453334 0.000453334 0.000453334
104 0 1 104.037 -14.9168 -82.642 180 186.895 0 0.000338573 0.000338573 0.000338573
104 0 1 105.484 -14.5409 -79.2422 180 214.806 0 0.000572726 0.000572726 0.000572726
104 0 1 105.425 -14.1777 -75.9812 180 192.498 0 0.000505724 0.000505724 0.000505724
104 0 1 101.895 -12.9465 -73.0251 180 34.4831 0 0.000411503 0.000411503 0.000411503
104 0 1 99.0901 -11.7068 -72.9055 180 24.7272 0 0.000413663 0.000413663 0.000413663
104 0 1 98.3292 -10.7172 -70.2909 180 120.107 0 0.000368119 0.000368119 0.000368119
104 0 1 102.39 -12.8497 -71.9316 180 62.1741 0 0.000315539 0.000315539 0.000315539
104 0 1 100.155 -10.941 -68.8498 180 76.2743 0 0.000323496 0.000323496 0.000323496
149 1 1 109.208 -11.1353 -62.2061 180 229.197 0 0.0157041 0.0157041 0.0157041
149 1 1 103.368 -10.5641 -65.8026 180 177.48 0 0.0140081 0.0140081 0.0140081
149 1 1 103.856 -11.8252 -68.1382 180 105.398 0 0.00928031 0.00928031 0.00928031
149 1 1 103.491 -11.5779 -68.0463 180 56.9311 0 0.0105242 0.0105242 0.0105242
149 1 1 102.415 -10.7293 -66.8341 180 162.645 0 0.00979003 0.00979003 0.00979003
149 1 1 101.813 -11.383 -67.9513 180 227.701 0 0.0125999 0.0125999 0.0125999
149 1 1 101.807 -11.7543 -69.2329 180 207.532 0 0.0150792 0.0150792 0.0150792
149 1 1 102.304 -12.1583 -70.6123 180 289.523 0 0.0109186 0.0109186 0.0109186
149 1 1 100.013 -11.8454 -71.9372 180 264.568 0 0.0125198 0.0125198 0.0125198
149 1 1 102.041 -12.1583 -70.6059 180 230.541 0 0.0114327 0.0114327 0.0114327
149 1 1 100.254 -11.5737 -71.0117 180 158.015 0 0.00964475 0.00964475 0.00964475
149 1 1 99.7389 -11.4747 -71.9155 180 115.395 0 0.00823176 0.00823176 0.00823176
149 1 1 101.444 -12.5513 -74.1456 180 85.2417 0 0.0146866 0.0146866 0.0146866
149 1 1 99.8795 -12.0395 -72.9703 180 162.81 0 0.00999907 0.00999907 0.00999907
149 1 1 101.729 -12.4777 -73.7564 180 45.6129 0 0.0110076 0.0110076 0.0110076
149 1 1 102.191 -12.9548 -75.4449 180 35.6612 0 0.0153814 0.0153814 0.0153814
149 1 1 101.835 -13.4405 -78.2208 180 56.8538 0 0.0116789 0.0116789 0.0116789
149 1 1 99.0285 -12.5279 -76.0389 180 42.7396 0 0.0100796 0.0100796 0.0100796
149 1 1 97.5347 -12.3728 -75.788 180 269.234 0 0.0146574 0.0146574 0.0146574
149 1 1 97.4923 -12.3728 -75.4577 180 88.1038 0 0.0104015 0.0104015 0.0104015
149 1 1 94.8972 -12.6513 -77.9351 180 134.883 0 0.00875186 0.00875186 0.00875186
149 1 1 96.8672 -13.0232 -77.4898 180 196.617 0 0.014789 0.014789 0.014789
149 1 1 95.236 -12.6513 -78.5418 180 130.981 0 0.0115139 0.0115139 0.0115139
149 1 1 98.2297 -13.5648 -79.7759 180 341.672 0 0.00944067 0.00944067 0.00944067
149 1 1 97.749 -13.4773 -80.1715 180 50.6764 0 0.0145015 0.0145015 0.0145015
149 1 1 94.8755 -12.6513 -78.6211 180 224.622 0 0.0136912 0.0136912 0.0136912
149 1 1 95.4711 -12.8375 -80.6873 180 342.44 0 0.0116473 0.0116473 0.0116473
149 1 1 93.7637 -13.0604 -83.7808 180 185.504 0 0.0120203 0.0120203 0.0120203
149 1 1 93.3705 -13.0604 -83.4375 180 285.902 0 0.015719 0.015719 0.015719
149 1 1 93.633 -13.1224 -84.4921 180 61.1999 0 0.0113442 0.0113442 0.0113442
149 1 1 95.7539 -13.7482 -89.3629 180 103.015 0 0.00965442 0.00965442 0.00965442
149 1 1 95.3479 -14.062 -92.7112 180 194.097 0 0.0139134 0.0139134 0.0139134
149 1 1 96.8049 -14.2597 -96.621 180 4.58054 0 0.01168 0.01168 0.01168
149 1 1 96.2968 -14.2324 -95.0181 180 111.38 0 0.015765 0.015765 0.015765
149 1 1 96.8588 -15.3479 -99.45 180 304.789 0 0.0115009 0.0115009 0.0115009
149 1 1 97.7498 -15.3479 -99.4276 180 34.0441 0 0.0101688 0.0101688 0.0101688
149 1 1 95.2069 -14.9793 -100.455 180 171.913 0 0.0108616 0.0108616 0.0108616
149 1 1 94.7025 -14.2075 -99.605 180 237.393 0 0.00926139 0.00926139 0.00926139
149 1 1 94.2731 -14.561 -101.635 180 89.3011 0 0.0150599 0.0150599 0.0150599
149 1 1 93.4089 -13.6354 -100.801 180 190.432 0 0.0083943 0.0083943 0.0083943
149 1 1 95.2889 -15.4867 -102.254 180 315.955 0 0.010689 0.010689 0.010689
149 1 1 93.4909 -13.8033 -102.365 180 35.3774 0 0.0122341 0.0122341 0.0122341
149 1 1 94.3059 -14.7381 -102.676 180 241.439 0 0.0136685 0.0136685 0.0136685
149 1 1 105.416 -15.9555 -115.223 180 218.113 0 0.00939978 0.00939978 0.00939978
149 1 1 104.799 -15.8636 -116.778 180 238.079 0 0.0113507 0.0113507 0.0113507
149 1 1 111.555 -16.6615 -122.815 180 58.2186 0 0.0101172 0.0101172 0.0101172
149 1 1 112.612 -17.3372 -126.567 180 146.066 0 0.0131792 0.0131792 0.0131792
149 1 1 109.898 -16.5099 -125.92 180 347.111 0 0.0116634 0.0116634 0.0116634
149 1 1 110.013 -16.5099 -126.414 180 66.3424 0 0.0136258 0.0136258 0.0136258
149 1 1 109.466 -16.2968 -127.801 180 28.1223 0 0.00968444 0.00968444 0.00968444
149 1 1 108.771 -15.5762 -129.352 180 271.797 0 0.0131327 0.0131327 0.0131327
149 1 1 107.97 -15.9232 -132.068 180 285.074 0 0.0095599 0.0095599 0.0095599
149 1 1 107.679 -15.547 -131.874 180 32.0441 0 0.0106708 0.0106708 0.0106708
149 1 1 105.706 -14.2701 -130.816 180 89.71 0 0.0156669 0.0156669 0.0156669
149 1 1 97.0844 -13.2227 -122.47 180 180.141 0 0.0141865 0.0141865 0.0141865
149 1 1 96.7794 -13.2577 -124.568 180 286.547 0 0.0123266 0.0123266 0.0123266
149 1 1 95.531 -12.6335 -123.658 180 280.796 0 0.0125975 0.0125975 0.0125975
149 1 1 95.5571 -12.2134 -122.613 180 28.163 0 0.0139749 0.0139749 0.0139749
149 1 1 95.1768 -12.6335 -123.664 180 88.067 0 0.010756 0.010756 0.010756
149 1 1 95.0312 -12.7728 -124.421 180 58.6121 0 0.00817892 0.00817892 0.00817892
149 1 1 91.9249 -11.0352 -125.829 180 303.679 0 0.0108738 0.0108738 0.0108738
149 1 1 94.2009 -11.6767 -127.183 180 301.797 0 0.00878192 0.00878192 0.00878192
149 1 1 92.6591 -10.7812 -128.084 180 158.805 0 0.0110885 0.0110885 0.0110885
149 1 1 90.2029 -10.1751 -130.505 180 303.716 0 0.011405 0.011405 0.011405
149 1 1 91.0527 -10.4079 -129.492 180 197.949 0 0.0125575 0.0125575 0.0125575
149 1 1 87.7411 -9.37568 -131.855 180 252.65 0 0.0111544 0.0111544 0.0111544
149 1 1 89.0511 -10.1195 -131.321 180 98.0237 0 0.0151773 0.0151773 0.0151773
149 1 1 87.702 -9.37568 -132.003 180 347.933 0 0.0111888 0.0111888 0.0111888
149 1 1 88.3349 -10.1078 -133.506 180 232.37 0 0.011613 0.011613 0.011613
149 1 1 85.3374 -8.05895 -134.002 180 271.254 0 0.0132759 0.0132759 0.0132759
149 1 1 84.8709 -8.22994 -135.405 180 215.767 0 0.0117295 0.0117295 0.0117295
149 1 1 84.5594 -7.10912 -134.241 180 339.12 0 0.0092515 0.0092515 0.0092515
149 1 1 84.8765 -8.05438 -137.203 180 117.336 0 0.00872693 0.00872693 0.00872693
149 1 1 84.9062 -7.71257 -138.087 180 189.868 0 0.0119784 0.0119784 0.0119784
149 1 1 84.0739 -7.14179 -137.494 180 359 0 0.0154079 0.0154079 0.0154079
149 1 1 84.8778 -7.20425 -140.872 180 247.605 0 0.0099915 0.0099915 0.0099915
149 1 1 84.2544 -6.75437 -139.34 180 280.557 0 0.0117245 0.0117245 0.0117245
149 1 1 81.8766 -5.36968 -139.568 180 95.1327 0 0.010876 0.010876 0.010876
149 1 1 81.9333 -6.09469 -140.775 180 163.069 0 0.0141754 0.0141754 0.0141754
149 1 1 79.9107 -5.60456 -141.04 180 247.714 0 0.0124275 0.0124275 0.0124275
149 1 1 78.5658 -4.60383 -141.329 180 324.014 0 0.013595 0.013595 0.013595
149 1 1 77.8515 -3.8942 -140.527 180 235.604 0 0.010339 0.010339 0.010339
149 1 1 77.2242 -4.49777 -141.799 180 107.098 0 0.00975612 0.00975612 0.00975612
149 1 1 77.582 -3.8606 -140.793 180 183.732 0 0.0137574 0.0137574 0.0137574
149 1 1 78.8431 -5.34033 -142.485 180 135.131 0 0.0122295 0.0122295 0.0122295
149 1 1 76.3245 -3.63185 -142.069 180 332.016 0 0.011882 0.011882 0.011882
149 1 1 76.492 -4.11893 -143.015 180 92.0483 0 0.0138319 0.0138319 0.0138319
149 1 1 78.0153 -5.34033 -142.162 180 139.1 0 0.0101902 0.0101902 0.0101902
149 1 1 75.4299 -2.86599 -142.482 180 188.139 0 0.0147191 0.0147191 0.0147191
149 1 1 76.7798 -3.09292 -141.694 180 246.594 0 0.0104134 0.0104134 0.0104134
149 1 1 0 7.01767 0 0 0 0 0 0 0
149 1 1 0 7.01767 0 0 0 0 0 0 0
149 1 1 0 7.01767 0 0 0 0 0 0 0
149 1 1 0 0 0 0 0 0 0 0 0
149 1 1 0 0 0 0 0 0 0 0 0
