INSTANCES:
104 0 1 67.5808 -0.00678301 -51.5841 180 181.607 0 0.000441354 0.000441354 0.000441354
104 0 1 68.9891 -2.06434 -53.2665 180 194.59 0 0.000486471 0.000486471 0.000486471
104 0 1 0 7.01767 0 0 0 0 0 0 0
104 0 1 67.5808 -0.00678301 -51.5841 180 181.607 0 0.000441354 0.000441354 0.000441354
104 0 1 68.9891 -2.06434 -53.2665 180 194.59 0 0.000486471 0.000486471 0.000486471
104 0 1 0 7.01767 0 0 0 0 0 0 0
104 0 1 0 7.01767 0 0 0 0 0 0 0
104 0 1 56.3025 -2.75766 -57.309 180 270.438 0 0.000509524 0.000509524 0.000509524
104 0 1 55.057 -1.63769 -55.1276 180 1.08368 0 0.000601527 0.000601527 0.000601527
104 0 1 56.2892 -2.38462 -56.1517 180 79.5017 0 0.000581093 0.000581093 0.000581093
104 0 1 55.1726 -1.90579 -55.9179 180 319.925 0 0.000610057 0.000610057 0.000610057
104 0 1 56.4686 -2.38462 -56.7322 180 318.942 0 0.000377147 0.000377147 0.000377147
104 0 1 56.5835 -2.03381 -55.7302 180 67.4918 0 0.000552929 0.000552929 0.000552929
104 0 1 54.8528 -1.55841 -55.9795 180 353.123 0 0.000462768 0.000462768 0.000462768
104 0 1 54.3518 -1.55841 -56.7773 180 339.484 0 0.000614373 0.000614373 0.000614373
104 0 1 57.3481 -1.66296 -53.2893 180 313.231 0 0.00038422 0.00038422 0.00038422
104 0 1 58.4775 -3.05192 -54.9856 180 214.892 0 0.000555735 0.000555735 0.000555735
104 0 1 57.3293 -1.66296 -53.546 180 350.368 0 0.000608667 0.000608667 0.000608667
104 0 1 57.2264 -2.55305 -55.1789 180 7.21257 0 0.00035838 0.00035838 0.00035838
104 0 1 56.4058 -1.78135 -54.3829 180 186.946 0 0.00054412 0.00054412 0.00054412
104 0 1 59.5952 -2.59134 -54.0851 180 17.2175 0 0.000478598 0.000478598 0.000478598
104 0 1 57.8217 -2.55305 -54.9503 180 137.324 0 0.000329047 0.000329047 0.000329047
104 0 1 57.2182 -1.13848 -52.4303 180 330.259 0 0.000351471 0.000351471 0.000351471
104 0 1 57.564 -1.66296 -53.3572 180 45.8075 0 0.000405734 0.000405734 0.000405734
104 0 1 56.607 -1.53171 -53.5529 180 234.876 0 0.000613334 0.000613334 0.000613334
104 0 1 56.629 -2.35709 -63.6251 180 117.051 0 0.00062369 0.00062369 0.00062369
104 0 1 57.3846 -3.44663 -63.5939 180 189.165 0 0.000351446 0.000351446 0.000351446
104 0 1 57.3226 -4.02504 -65.359 180 317.551 0 0.000429576 0.000429576 0.000429576
104 0 1 57.6378 -4.02504 -65.7401 180 197.716 0 0.000534246 0.000534246 0.000534246
104 0 1 58.0765 -5.12818 -65.1665 180 179.711 0 0.00057582 0.00057582 0.00057582
104 0 1 57.1459 -4.02504 -65.2802 180 277.419 0 0.000621602 0.000621602 0.000621602
104 0 1 102.852 -9.07738 -61.529 180 72.8209 0 0.000350695 0.000350695 0.000350695
104 0 1 103.475 -9.07738 -61.5769 180 170.27 0 0.000344953 0.000344953 0.000344953
104 0 1 103.605 -9.4046 -62.4943 180 27.1524 0 0.000404152 0.000404152 0.000404152
104 0 1 102.338 -9.50812 -63.7695 180 205.797 0 0.000389774 0.000389774 0.000389774
104 0 1 102.656 -9.50812 -63.6747 180 328.904 0 0.000530604 0.000530604 0.000530604
104 0 1 103.021 -8.09437 -59.3215 180 66.7871 0 0.000506634 0.000506634 0.000506634
104 0 1 102.488 -9.17504 -62.5818 180 316.517 0 0.000426607 0.000426607 0.000426607
104 0 1 100.285 -7.60623 -59.2542 180 238.939 0 0.000584953 0.000584953 0.000584953
104 0 1 100.176 -7.60623 -59.8407 180 301.92 0 0.000405553 0.000405553 0.000405553
104 0 1 99.8977 -8.05672 -60.0081 180 334.248 0 0.000378455 0.000378455 0.000378455
104 0 1 97.7975 -6.23945 -57.618 180 30.1357 0 0.000533681 0.000533681 0.000533681
104 0 1 99.1572 -6.36106 -57.8178 180 118.156 0 0.000426716 0.000426716 0.000426716
104 0 1 101.244 -7.76398 -58.971 180 262.632 0 0.000356642 0.000356642 0.000356642
104 0 1 95.6175 -7.48436 -59.9658 180 255.309 0 0.000444552 0.000444552 0.000444552
104 0 1 97.0652 -7.4224 -59.5024 180 339.227 0 0.000448536 0.000448536 0.000448536
104 0 1 98.1205 -7.45377 -59.1431 180 102.081 0 0.000480408 0.000480408 0.000480408
104 0 1 94.2889 -6.36476 -58.5852 180 207.593 0 0.000362523 0.000362523 0.000362523
104 0 1 96.507 -5.47259 -56.1698 180 147.781 0 0.000444066 0.000444066 0.000444066
104 0 1 97.9999 -5.13581 -55.1493 180 191.149 0 0.000482655 0.000482655 0.000482655
104 0 1 97.0236 -5.04296 -55.8511 180 158.764 0 0.0003137 0.0003137 0.0003137
104 0 1 99.0153 -6.9654 -58.2068 180 273.339 0 0.000372281 0.000372281 0.000372281
104 0 1 99.2319 -6.36106 -56.9198 180 310.434 0 0.000569581 0.000569581 0.000569581
104 0 1 97.1738 -5.04296 -55.4402 180 310.084 0 0.000408703 0.000408703 0.000408703
104 0 1 97.1082 -6.23945 -57.1133 180 75.866 0 0.000429898 0.000429898 0.000429898
104 0 1 96.0471 -4.32483 -53.9484 180 313.837 0 0.000391908 0.000391908 0.000391908
104 0 1 96.3115 -5.47259 -56.7611 180 203.948 0 0.000544579 0.000544579 0.000544579
104 0 1 98.8742 -4.08161 -53.2982 180 52.5251 0 0.000594231 0.000594231 0.000594231
104 0 1 95.2703 -4.17536 -54.5412 180 339.786 0 0.000403092 0.000403092 0.000403092
104 0 1 97.6174 -4.46335 -53.9909 180 47.6104 0 0.000451561 0.000451561 0.000451561
104 0 1 98.2084 -5.13581 -55.4694 180 358.377 0 0.000531285 0.000531285 0.000531285
104 0 1 99.2551 -6.36106 -57.1569 180 241.913 0 0.000453542 0.000453542 0.000453542
104 0 1 96.1529 -3.64717 -53.7573 180 318.378 0 0.000325739 0.000325739 0.000325739
104 0 1 95.5748 -2.71945 -52.0977 180 279.871 0 0.000366196 0.000366196 0.000366196
104 0 1 99.0216 -5.17511 -55.5276 180 346.964 0 0.000516062 0.000516062 0.000516062
104 0 1 98.1454 -3.28485 -52.8223 180 268.369 0 0.000354835 0.000354835 0.000354835
104 0 1 94.8522 -4.17536 -54.0897 180 103.81 0 0.000384976 0.000384976 0.000384976
104 0 1 97.0508 -3.81459 -53.6648 180 73.0821 0 0.000352681 0.000352681 0.000352681
104 0 1 97.6145 -3.81459 -53.3495 180 64.2881 0 0.000615579 0.000615579 0.000615579
104 0 1 97.7306 -3.81459 -53.8678 180 33.8347 0 0.000333434 0.000333434 0.000333434
104 0 1 96.7173 -2.87747 -52.3265 180 305.184 0 0.000347263 0.000347263 0.000347263
104 0 1 97.3837 -2.21556 -51.466 180 147.172 0 0.000470031 0.000470031 0.000470031
104 0 1 97.0505 -2.21556 -51.5588 180 315.791 0 0.000324355 0.000324355 0.000324355
104 0 1 97.9699 -4.58075 -54.086 180 220.545 0 0.000416754 0.000416754 0.000416754
104 0 1 99.0376 -3.43796 -52.5454 180 134.127 0 0.000433701 0.000433701 0.000433701
104 0 1 99.0523 -5.17511 -55.1081 180 164.532 0 0.000545221 0.000545221 0.000545221
104 0 1 95.452 -3.4909 -53.0405 180 43.8797 0 0.000570947 0.000570947 0.000570947
104 0 1 100.538 -5.14741 -55.3121 180 191.976 0 0.000500929 0.000500929 0.000500929
104 0 1 98.2992 -3.28485 -52.7868 180 248.792 0 0.00053405 0.00053405 0.00053405
104 0 1 99.7917 -4.64033 -54.0746 180 199.118 0 0.000325036 0.000325036 0.000325036
104 0 1 101.814 -5.71642 -56.2523 180 354.193 0 0.000442259 0.000442259 0.000442259
104 0 1 100.763 -7.029 -58.0422 180 265.01 0 0.000443047 0.000443047 0.000443047
104 0 1 101.357 -7.1262 -58.1611 180 31.9902 0 0.000369787 0.000369787 0.000369787
104 0 1 94.9649 -7.19373 -59.7849 180 96.6657 0 0.00053491 0.00053491 0.00053491
104 0 1 95.5393 -7.48436 -60.78 180 254.738 0 0.000375552 0.000375552 0.000375552
104 0 1 94.1217 -7.2767 -60.064 180 198.796 0 0.00036789 0.00036789 0.00036789
104 0 1 95.2677 -7.19373 -59.5725 180 142.5 0 0.000454578 0.000454578 0.000454578
104 0 1 94.3653 -7.9761 -64.8513 180 287.738 0 0.000543833 0.000543833 0.000543833
104 0 1 93.9762 -7.3953 -61.2971 180 112.718 0 0.000549174 0.000549174 0.000549174
104 0 1 92.2734 -9.17117 -66.2246 180 277.742 0 0.000511431 0.000511431 0.000511431
104 0 1 86.5135 -7.9118 -65.8849 180 79.8778 0 0.00038815 0.00038815 0.00038815
104 0 1 86.1335 -7.54104 -65.1713 180 68.1046 0 0.000509107 0.000509107 0.000509107
104 0 1 89.0286 -9.33134 -68.9449 180 131.446 0 0.000475462 0.000475462 0.000475462
104 0 1 87.6139 -9.01278 -70.1087 180 342.773 0 0.000559656 0.000559656 0.000559656
104 0 1 86.122 -8.47955 -68.2709 180 113.417 0 0.000518564 0.000518564 0.000518564
104 0 1 83.4284 -7.62655 -71.0725 180 33.7616 0 0.000576208 0.000576208 0.000576208
104 0 1 64.6167 -6.29649 -58.2504 180 283.463 0 0.000494901 0.000494901 0.000494901
104 0 1 63.9307 -7.50251 -59.5147 180 91.4336 0 0.000610827 0.000610827 0.000610827
104 0 1 61.0181 -5.87993 -58.9702 180 249.319 0 0.0005272 0.0005272 0.0005272
104 0 1 61.477 -7.20201 -61.6988 180 267.602 0 0.000354014 0.000354014 0.000354014
104 0 1 62.7742 -8.76637 -63.4733 180 223.923 0 0.000565466 0.000565466 0.000565466
104 0 1 61.5683 -8.13605 -68.5805 180 19.6671 0 0.000487019 0.000487019 0.000487019
104 0 1 64.2833 -10.3193 -66.1594 180 112.344 0 0.000528213 0.000528213 0.000528213
104 0 1 84.8835 -11.0124 -90.6471 180 214.505 0 0.000600046 0.000600046 0.000600046
104 0 1 84.945 -11.133 -91.167 180 164.683 0 0.000348375 0.000348375 0.000348375
104 0 1 78.9322 -8.35327 -91.3007 180 63.8027 0 0.000621031 0.000621031 0.000621031
104 0 1 78.9789 -8.71757 -92.0085 180 197.142 0 0.000593804 0.000593804 0.000593804
104 0 1 80.9352 -10.793 -96.7436 180 156.168 0 0.000371371 0.000371371 0.000371371
104 0 1 76.226 -6.32915 -98.3501 180 347.657 0 0.000521439 0.000521439 0.000521439
104 0 1 88.6895 -8.71807 -113.41 180 11.5112 0 0.000577649 0.000577649 0.000577649
104 0 1 91.5669 -10.4444 -116.598 180 113.056 0 0.000598173 0.000598173 0.000598173
104 0 1 92.3204 -10.4255 -118.325 180 153.023 0 0.000558883 0.000558883 0.000558883
104 0 1 93.0175 -10.7603 -118.038 180 294.849 0 0.000568556 0.000568556 0.000568556
104 0 1 92.8252 -10.616 -120.566 180 176.563 0 0.000562097 0.000562097 0.000562097
104 0 1 90.9619 -10.8551 -125.48 180 12.3299 0 0.000572958 0.000572958 0.000572958
104 0 1 86.3679 -7.96785 -124.548 180 113.126 0 0.000473117 0.000473117 0.000473117
104 0 1 88.9846 -9.4989 -126.448 180 31.8699 0 0.000540023 0.000540023 0.000540023
104 0 1 87.9931 -8.8521 -127.348 180 281.275 0 0.000516988 0.000516988 0.000516988
104 0 1 86.0525 -7.73452 -128.384 180 344.451 0 0.000593772 0.000593772 0.000593772
104 0 1 85.3442 -8.05895 -134.005 180 101.079 0 0.000555141 0.000555141 0.000555141
104 0 1 84.4683 -7.27401 -134.795 180 276.814 0 0.000507446 0.000507446 0.000507446
104 0 1 82.9978 -6.04758 -137.84 180 231.211 0 0.00053549 0.00053549 0.00053549
104 0 1 85.8219 -7.27943 -140.52 180 37.6093 0 0.000403587 0.000403587 0.000403587
104 0 1 89.1898 -10.9025 -143.74 180 287.008 0 0.000383972 0.000383972 0.000383972
104 0 1 85.526 -7.36264 -143.111 180 1.28717 0 0.000623184 0.000623184 0.000623184
104 0 1 87.4502 -9.24887 -144.145 180 191.714 0 0.000517621 0.000517621 0.000517621
104 0 1 82.9535 -7.07008 -144.677 180 121.332 0 0.000549371 0.000549371 0.000549371
104 0 1 83.1837 -7.07008 -144.154 180 229.832 0 0.000529967 0.000529967 0.000529967
104 0 1 81.6434 -8.68136 -147.902 180 293.176 0 0.000489875 0.000489875 0.000489875
104 0 1 82.6654 -8.32839 -145.921 180 180.628 0 0.000315953 0.000315953 0.000315953
104 0 1 83.576 -10.1692 -148.143 180 168.584 0 0.000320287 0.000320287 0.000320287
104 0 1 78.2419 -8.05023 -149.139 180 269.272 0 0.000548332 0.000548332 0.000548332
104 0 1 79.3847 -7.27385 -147.132 180 337.185 0 0.000592071 0.000592071 0.000592071
104 0 1 79.7536 -9.86675 -150.708 180 95.4408 0 0.000324083 0.000324083 0.000324083
104 0 1 77.2203 -8.44753 -149.959 180 94.9628 0 0.000527949 0.000527949 0.000527949
104 0 1 74.5663 -5.31533 -147.634 180 314.739 0 0.000489874 0.000489874 0.000489874
104 0 1 75.0293 -6.76768 -148.634 180 185.786 0 0.000493743 0.000493743 0.000493743
104 0 1 78.4819 -8.72501 -149.788 180 105.397 0 0.000557785 0.000557785 0.000557785
104 0 1 77.2256 -7.37593 -148.061 180 103.309 0 0.000449092 0.000449092 0.000449092
104 0 1 75.4148 -8.54072 -151.033 180 303.458 0 0.000521958 0.000521958 0.000521958
104 0 1 73.7788 -9.07009 -152.761 180 316.725 0 0.000408233 0.000408233 0.000408233
104 0 1 73.7752 -8.08834 -151.262 180 183.843 0 0.000427949 0.000427949 0.000427949
104 0 1 75.6379 -7.9425 -150.326 180 148.221 0 0.00051946 0.00051946 0.00051946
104 0 1 71.4886 -6.42439 -150.03 180 118.92 0 0.000408081 0.000408081 0.000408081
104 0 1 72.9481 -7.30214 -150.443 180 103.261 0 0.000482993 0.000482993 0.000482993
104 0 1 73.3246 -7.30214 -150.465 180 297.805 0 0.000433324 0.000433324 0.000433324
104 0 1 70.8575 -7.42823 -152.949 180 248.131 0 0.000578973 0.000578973 0.000578973
104 0 1 72.9086 -9.07009 -153.4 180 324.271 0 0.000406972 0.000406972 0.000406972
104 0 1 72.183 -8.3303 -151.751 180 75.4832 0 0.000407349 0.000407349 0.000407349
104 0 1 69.9506 -7.42823 -153.53 180 27.3783 0 0.000491683 0.000491683 0.000491683
104 0 1 70.1116 -7.42823 -153.25 180 345.551 0 0.000383745 0.000383745 0.000383745
104 0 1 71.2546 -8.0951 -154.133 180 105.291 0 0.00037189 0.00037189 0.00037189
104 0 1 72.2605 -9.02764 -155.714 180 251.396 0 0.000434438 0.000434438 0.000434438
104 0 1 71.8165 -8.35967 -156.16 180 56.5502 0 0.00041297 0.00041297 0.00041297
104 0 1 71.4366 -8.0951 -153.798 180 23.2595 0 0.000455775 0.000455775 0.000455775
104 0 1 68.7781 -6.52577 -155.516 180 115.127 0 0.000331327 0.000331327 0.000331327
104 0 1 71.3515 -10.4875 -160.212 180 111.556 0 0.000354517 0.000354517 0.000354517
104 0 1 71.6347 -9.58812 -157.722 180 160.05 0 0.000530466 0.000530466 0.000530466
104 0 1 73.1475 -9.71212 -156.468 180 277.908 0 0.000338954 0.000338954 0.000338954
104 0 1 72.5051 -9.58769 -157.59 180 126.034 0 0.00057323 0.00057323 0.00057323
104 0 1 73.0057 -11.2758 -159.39 180 145.045 0 0.000381748 0.000381748 0.000381748
104 0 1 74.398 -10.7848 -157.336 180 282.503 0 0.000580261 0.000580261 0.000580261
104 0 1 76.8641 -13.4439 -158.802 180 97.1077 0 0.00032485 0.00032485 0.00032485
104 0 1 80.2368 -13.9608 -157.235 180 196.417 0 0.000327362 0.000327362 0.000327362
104 0 1 79.8737 -13.9608 -157.552 180 172.076 0 0.000465691 0.000465691 0.000465691
104 0 1 80.1226 -13.9608 -157.205 180 314.797 0 0.000416786 0.000416786 0.000416786
104 0 1 81.9418 -16.2509 -161.48 180 295.499 0 0.000366332 0.000366332 0.000366332
104 0 1 85.1183 -16.9088 -157.766 180 302.978 0 0.000452146 0.000452146 0.000452146
104 0 1 81.7997 -15.7869 -159.817 180 148.659 0 0.000545405 0.000545405 0.000545405
104 0 1 96.1973 -19.6465 -171.599 180 29.7413 0 0.000427822 0.000427822 0.000427822
104 0 1 97.0974 -19.6252 -173.255 180 295.646 0 0.000420901 0.000420901 0.000420901
104 0 1 258.903 1 -445.347 180 258.322 0 0.000606263 0.000606263 0.000606263
104 0 1 261.294 1 -445.964 180 236.11 0 0.000404118 0.000404118 0.000404118
104 0 1 267.012 1 -444.881 180 140.248 0 0.000500876 0.000500876 0.000500876
104 0 1 268.023 1 -443.686 180 142.73 0 0.000385098 0.000385098 0.000385098
104 0 1 274.524 1 -436.643 180 212.679 0 0.000366017 0.000366017 0.000366017
104 0 1 275.043 1 -433.958 180 36.7684 0 0.00042783 0.00042783 0.00042783
104 0 1 99.0676 -19.5793 -161.267 180 354.993 0 0.000331335 0.000331335 0.000331335
104 0 1 100.519 -19.4852 -158.364 180 241.442 0 0.000379877 0.000379877 0.000379877
104 0 1 290.827 1 -426.852 180 62.4264 0 0.000464236 0.000464236 0.000464236
104 0 1 294.057 1 -421.193 180 184.809 0 0.000319819 0.000319819 0.000319819
104 0 1 97.8313 -17.7657 -142.8 180 109.467 0 0.000618349 0.000618349 0.000618349
104 0 1 98.0058 -17.3545 -141.138 180 199.281 0 0.00034077 0.00034077 0.00034077
104 0 1 99.7333 -17.4975 -139.762 180 202.898 0 0.000327736 0.000327736 0.000327736
104 0 1 99.2044 -16.8321 -139.427 180 50.2529 0 0.000448888 0.000448888 0.000448888
104 0 1 101.982 -17.1212 -137.529 180 347.995 0 0.000446826 0.000446826 0.000446826
104 0 1 106.135 -18.1536 -136.248 180 275.633 0 0.000428587 0.000428587 0.000428587
104 0 1 109.886 -18.0797 -133.826 180 107.768 0 0.000560293 0.000560293 0.000560293
104 0 1 108.122 -17.5687 -133.745 180 39.9716 0 0.000403897 0.000403897 0.000403897
104 0 1 107.191 -15.1966 -127.506 180 37.115 0 0.000393494 0.000393494 0.000393494
104 0 1 104.222 -15.1027 -120.153 180 261.676 0 0.000444097 0.000444097 0.000444097
104 0 1 91.9276 -12.7621 -103.661 180 196.409 0 0.000605191 0.000605191 0.000605191
104 0 1 92.8103 -12.8421 -100.458 180 161.289 0 0.000395758 0.000395758 0.000395758
104 0 1 94.2381 -14.561 -101.693 180 186.335 0 0.000359663 0.000359663 0.000359663
104 0 1 95.7105 -14.9793 -100.226 180 98.3148 0 0.00035471 0.00035471 0.00035471
104 0 1 95.5304 -14.4586 -98.479 180 77.8362 0 0.000481519 0.000481519 0.000481519
104 0 1 93.9943 -13.8972 -98.3346 180 71.1794 0 0.000554723 0.000554723 0.000554723
104 0 1 96.0273 -14.8587 -97.9956 180 245.358 0 0.000498962 0.000498962 0.000498962
104 0 1 96.6014 -14.8587 -98.022 180 329.241 0 0.000432518 0.000432518 0.000432518
104 0 1 100.274 -15.6321 -96.5563 180 157.356 0 0.000431167 0.000431167 0.000431167
104 0 1 100.675 -15.5994 -95.656 180 313.372 0 0.00045268 0.00045268 0.00045268
104 0 1 103.763 -16.6854 -95.6909 180 270.114 0 0.000508771 0.000508771 0.000508771
104 0 1 99.3742 -15.4162 -97.0174 180 10.1008 0 0.000546925 0.000546925 0.000546925
104 0 1 102.521 -16.1382 -96.9311 180 171.3 0 0.000332337 0.000332337 0.000332337
104 0 1 100.573 -15.5994 -95.0659 180 331.954 0 0.000557648 0.000557648 0.000557648
104 0 1 102.318 -16.2787 -96.2073 180 333.672 0 0.000546916 0.000546916 0.000546916
104 0 1 104.099 -17.1284 -96.6786 180 221.259 0 0.000430996 0.000430996 0.000430996
104 0 1 104.006 -16.6815 -91.4874 180 315.507 0 0.000378637 0.000378637 0.000378637
104 0 1 102.113 -15.7558 -90.5024 180 88.0658 0 0.000339766 0.000339766 0.000339766
104 0 1 104.038 -16.6313 -89.7461 180 236.685 0 0.000516996 0.000516996 0.000516996
104 0 1 102.81 -16.2062 -89.9088 180 34.5825 0 0.000608975 0.000608975 0.000608975
104 0 1 105.316 -16.5301 -86.4449 180 22.637 0 0.000346384 0.000346384 0.000346384
104 0 1 102.509 -14.9102 -85.2822 180 41.3037 0 0.000321924 0.000321924 0.000321924
104 0 1 102.265 -14.9102 -85.819 180 275.582 0 0.000334206 0.000334206 0.000334206
104 0 1 105.877 -16.1842 -82.9365 180 108.559 0 0.000362806 0.000362806 0.000362806
104 0 1 102.231 -14.1438 -81.3385 180 88.6825 0 0.000453334 0.000453334 0.000453334
104 0 1 104.037 -14.9168 -82.642 180 186.895 0 0.000338573 0.000338573 0.000338573
104 0 1 105.484 -14.5409 -79.2422 180 214.806 0 0.000572726 0.000572726 0.000572726
104 0 1 105.425 -14.1777 -75.9812 180 192.498 0 0.000505724 0.000505724 0.000505724
104 0 1 101.895 -12.9465 -73.0251 180 34.4831 0 0.000411503 0.000411503 0.000411503
104 0 1 99.0901 -11.7068 -72.9055 180 24.7272 0 0.000413663 0.000413663 0.000413663
104 0 1 98.3292 -10.7172 -70.2909 180 120.107 0 0.000368119 0.000368119 0.000368119
104 0 1 102.39 -12.8497 -71.9316 180 62.1741 0 0.000315539 0.000315539 0.000315539
104 0 1 100.155 -10.941 -68.8498 180 76.2743 0 0.000323496 0.000323496 0.000323496
104 0 1 -158.185 -3.58901 -120.097 180 250.292 0 0.00036408 0.00036408 0.00036408
104 0 1 -154.671 -3.53836 -115.985 180 142.793 0 0.000430458 0.000430458 0.000430458
104 0 1 -156.809 -4.09131 -120.022 180 229.039 0 0.000612483 0.000612483 0.000612483
104 0 1 -154.497 -6.0897 -120.292 180 19.0978 0 0.000519612 0.000519612 0.000519612
104 0 1 -152.873 -5.87224 -118.622 180 331.86 0 0.000399285 0.000399285 0.000399285
104 0 1 -151.731 -6.25012 -118.392 180 142.324 0 0.000396569 0.000396569 0.000396569
104 0 1 -155.835 -5.28871 -122.184 180 175.161 0 0.000601083 0.000601083 0.000601083
104 0 1 -157.635 -4.09131 -119.914 180 85.2877 0 0.000601297 0.000601297 0.000601297
104 0 1 -154.803 -5.65289 -121.34 180 215.847 0 0.000315022 0.000315022 0.000315022
104 0 1 -152.7 -5.38752 -116.645 180 118.204 0 0.000563077 0.000563077 0.000563077
104 0 1 -155.117 -4.3049 -118.136 180 273.156 0 0.000470285 0.000470285 0.000470285
104 0 1 -154.408 -5.55817 -119.359 180 178.07 0 0.000607402 0.000607402 0.000607402
104 0 1 -153.599 -6.2364 -118.881 180 159.426 0 0.000603466 0.000603466 0.000603466
104 0 1 -173.168 -2.66435 -95.4797 180 241.56 0 0.000377795 0.000377795 0.000377795
104 0 1 -169.528 -3.77888 -90.9482 180 48.4835 0 0.000405395 0.000405395 0.000405395
104 0 1 -168.991 -1.95369 -94.9406 180 89.5214 0 0.000448752 0.000448752 0.000448752
104 0 1 -167.476 -2.97684 -93.1895 180 323.326 0 0.000481706 0.000481706 0.000481706
104 0 1 -169.556 -3.77888 -91.5073 180 152.7 0 0.000508843 0.000508843 0.000508843
104 0 1 -166.588 -4.15329 -90.9637 180 175.884 0 0.000313992 0.000313992 0.000313992
104 0 1 -169.491 -1.95369 -95.2824 180 40.3881 0 0.000324344 0.000324344 0.000324344
104 0 1 -169.077 -1.95369 -95.2424 180 153.404 0 0.000321972 0.000321972 0.000321972
104 0 1 -168.078 -2.94992 -93.3485 180 6.24159 0 0.000421884 0.000421884 0.000421884
104 0 1 -165.015 -3.72907 -92.4396 180 113.194 0 0.000573233 0.000573233 0.000573233
104 0 1 -166.557 -1.79161 -96.0221 180 252.772 0 0.000374815 0.000374815 0.000374815
104 0 1 -170.904 -2.85727 -92.4664 180 348.956 0 0.000458766 0.000458766 0.000458766
104 0 1 -170.702 -2.40333 -93.8469 180 237.872 0 0.000423464 0.000423464 0.000423464
104 0 1 -170.439 -2.07849 -94.8338 180 124.342 0 0.000385201 0.000385201 0.000385201
104 0 1 -168.876 -1.95369 -95.7067 180 205.447 0 0.000323362 0.000323362 0.000323362
104 0 1 -170.311 -3.42549 -91.3685 180 186.352 0 0.000490492 0.000490492 0.000490492
104 0 1 -166.207 -4.15329 -91.3795 180 332.584 0 0.000607817 0.000607817 0.000607817
104 0 1 -168.867 -2.32214 -94.6611 180 123.408 0 0.000572446 0.000572446 0.000572446
104 0 1 -165.992 -1.90262 -94.9005 180 359.235 0 0.000491259 0.000491259 0.000491259
104 0 1 -162.992 -2.4651 -95.6488 180 110.55 0 0.000354795 0.000354795 0.000354795
104 0 1 -165.488 -4.15627 -91.5869 180 347.391 0 0.000365524 0.000365524 0.000365524
104 0 1 -165.195 -3.10686 -93.5542 180 101.335 0 0.000505974 0.000505974 0.000505974
104 0 1 -166.322 -1.90262 -95.0329 180 308.836 0 0.000384269 0.000384269 0.000384269
104 0 1 -163.15 -4.24799 -90.6572 180 49.209 0 0.000332262 0.000332262 0.000332262
104 0 1 -163.535 -4.24799 -89.9702 180 267.759 0 0.000392607 0.000392607 0.000392607
104 0 1 -163.384 -4.13209 -91.5145 180 182.652 0 0.000333679 0.000333679 0.000333679
104 0 1 -162.708 -2.8619 -94.3228 180 263.282 0 0.000402892 0.000402892 0.000402892
104 0 1 -163.339 -2.4651 -95.5467 180 311.198 0 0.000544951 0.000544951 0.000544951
104 0 1 -165.251 -2.00746 -94.882 180 202.104 0 0.000560651 0.000560651 0.000560651
104 0 1 -165.41 -3.72907 -92.2442 180 231.118 0 0.000502043 0.000502043 0.000502043
104 0 1 -161.243 -2.68273 -97.2303 180 1.90769 0 0.000554709 0.000554709 0.000554709
104 0 1 -172.311 -2.4379 -98.7789 180 252.291 0 0.000412271 0.000412271 0.000412271
104 0 1 -173.112 -0.947222 -103.471 180 308.762 0 0.000572232 0.000572232 0.000572232
104 0 1 -174.205 -1.96405 -98.8671 180 303.894 0 0.000319622 0.000319622 0.000319622
104 0 1 -172.581 -1.48667 -101.917 180 138.567 0 0.000545401 0.000545401 0.000545401
104 0 1 -176.368 -1.54254 -99.212 180 69.6634 0 0.00043748 0.00043748 0.00043748
104 0 1 -171.193 -2.38349 -100.716 180 309.055 0 0.000519558 0.000519558 0.000519558
104 0 1 -172.725 -1.41269 -102.718 180 181.153 0 0.000584689 0.000584689 0.000584689
104 0 1 -176.99 -0.539937 -102.391 180 209.418 0 0.00036882 0.00036882 0.00036882
104 0 1 -173.432 -0.947222 -102.928 180 257.95 0 0.000347572 0.000347572 0.000347572
104 0 1 -171.574 -2.38349 -100.419 180 126.921 0 0.000412992 0.000412992 0.000412992
104 0 1 -174.641 -1.31122 -102.632 180 336.803 0 0.00036829 0.00036829 0.00036829
104 0 1 -173.581 -2.28231 -99.3454 180 108.226 0 0.000448961 0.000448961 0.000448961
104 0 1 -177.421 -0.937756 -100.35 180 203.339 0 0.000471682 0.000471682 0.000471682
104 0 1 -175.08 -0.976509 -103.013 180 170.053 0 0.000395855 0.000395855 0.000395855
104 0 1 -173.729 -0.979428 -103.42 180 281.69 0 0.000376294 0.000376294 0.000376294
104 0 1 -160.832 -3.28798 -94.6871 180 118.138 0 0.00054315 0.00054315 0.00054315
104 0 1 -166.117 -3.02109 -92.9829 180 210.16 0 0.000328816 0.000328816 0.000328816
104 0 1 -163.129 -2.37747 -97.0784 180 295.848 0 0.000457375 0.000457375 0.000457375
104 0 1 -163.707 -3.23213 -93.5374 180 50.0272 0 0.000608976 0.000608976 0.000608976
104 0 1 -103.772 -12.6741 -78.0214 180 128.227 0 0.000411396 0.000411396 0.000411396
104 0 1 -103.236 -13.3339 -77.6744 180 152.825 0 0.000453963 0.000453963 0.000453963
104 0 1 -104.546 -12.1003 -77.9205 180 81.8908 0 0.000540006 0.000540006 0.000540006
104 0 1 -103.894 -11.4947 -79.6064 180 188.604 0 0.000469798 0.000469798 0.000469798
104 0 1 -118.148 -12.0436 -69.5124 180 174.195 0 0.000564069 0.000564069 0.000564069
104 0 1 -118.96 -11.2366 -68.6763 180 145.143 0 0.00051871 0.00051871 0.00051871
104 0 1 -118.285 -12.0436 -69.299 180 255.01 0 0.000473696 0.000473696 0.000473696
104 0 1 -119.481 -11.2406 -69.737 180 286.813 0 0.000554899 0.000554899 0.000554899
104 0 1 -119.938 -10.2951 -69.1461 180 271.456 0 0.000398206 0.000398206 0.000398206
104 0 1 -166.284 -0.0706017 -114.065 180 81.018 0 0.000327952 0.000327952 0.000327952
104 0 1 -164.957 -0.434664 -114.318 180 29.0855 0 0.000554846 0.000554846 0.000554846
104 0 1 -165.163 -0.134668 -113.772 180 289.078 0 0.000330847 0.000330847 0.000330847
104 0 1 -166.062 0.403947 -113.445 180 92.413 0 0.000466472 0.000466472 0.000466472
104 0 1 -165.13 -0.434664 -114.587 180 158.043 0 0.000359243 0.000359243 0.000359243
104 0 1 -173.582 -0.729057 -117.545 180 91.1571 0 0.000377098 0.000377098 0.000377098
104 0 1 -174.413 0.236046 -116.634 180 134.591 0 0.000540355 0.000540355 0.000540355
104 0 1 -172.999 -1.19021 -118.135 180 254.365 0 0.00046092 0.00046092 0.00046092
104 0 1 -173.799 -0.636247 -118.543 180 2.36701 0 0.000396984 0.000396984 0.000396984
104 0 1 -173.81 -0.636247 -118.378 180 130.171 0 0.000428801 0.000428801 0.000428801
104 0 1 -165.661 -0.585085 -108.807 180 261.287 0 0.000421152 0.000421152 0.000421152
104 0 1 -165.246 -0.713935 -105.133 180 314.365 0 0.000579213 0.000579213 0.000579213
104 0 1 -165.936 -0.0951558 -105.65 180 65.8844 0 0.000365481 0.000365481 0.000365481
104 0 1 -165.534 -0.818539 -106.515 180 251.639 0 0.000508453 0.000508453 0.000508453
104 0 1 -165.696 -0.0951558 -105.671 180 289.387 0 0.000434119 0.000434119 0.000434119
104 0 1 -165.572 -0.166759 -110.827 180 282.867 0 0.000361362 0.000361362 0.000361362
104 0 1 -165.927 0.229168 -110.598 180 45.7001 0 0.000603727 0.000603727 0.000603727
104 0 1 -165.505 -0.585085 -109.656 180 62.4077 0 0.000512338 0.000512338 0.000512338
104 0 1 -165.272 -0.37635 -110.352 180 61.6514 0 0.000390143 0.000390143 0.000390143
104 0 1 -165.219 -0.37635 -110.38 180 334.676 0 0.000328061 0.000328061 0.000328061
104 0 1 -179.299 -0.599107 -119.593 180 251.197 0 0.000521185 0.000521185 0.000521185
104 0 1 -178.952 -0.599107 -119.734 180 350.694 0 0.000540426 0.000540426 0.000540426
104 0 1 -179.403 -0.599107 -119.421 180 261.324 0 0.000370171 0.000370171 0.000370171
104 0 1 -182.114 -0.703725 -118.164 180 210.672 0 0.000324795 0.000324795 0.000324795
104 0 1 -181.676 -1.39829 -119.878 180 308.747 0 0.000391558 0.000391558 0.000391558
104 0 1 -182.413 -0.703725 -118.395 180 71.5197 0 0.000513647 0.000513647 0.000513647
104 0 1 -181.499 -0.718746 -118.995 180 302.111 0 0.000368987 0.000368987 0.000368987
104 0 1 -184.808 -0.762182 -114.275 180 8.39158 0 0.00060569 0.00060569 0.00060569
104 0 1 -184.818 -0.67642 -115.248 180 141.163 0 0.000504436 0.000504436 0.000504436
104 0 1 -185.173 -0.67642 -115.053 180 41.0453 0 0.000526408 0.000526408 0.000526408
104 0 1 -185.203 -0.762182 -114.044 180 322.879 0 0.000435748 0.000435748 0.000435748
104 0 1 -183.983 -1.63886 -118.887 180 317.573 0 0.000418691 0.000418691 0.000418691
104 0 1 -183.155 -0.614643 -117.529 180 202.969 0 0.000411279 0.000411279 0.000411279
104 0 1 -184.909 -1.49408 -117.851 180 287.502 0 0.000453699 0.000453699 0.000453699
104 0 1 -157.106 -1.39991 -109.944 180 204.273 0 0.000365303 0.000365303 0.000365303
104 0 1 -157.356 -1.44217 -111.158 180 117.524 0 0.000561422 0.000561422 0.000561422
104 0 1 -157.934 -1.19098 -110.483 180 273.474 0 0.000320765 0.000320765 0.000320765
104 0 1 -157.089 -1.39991 -110.454 180 75.3199 0 0.000396025 0.000396025 0.000396025
104 0 1 -157.656 -1.29571 -107.236 180 330.323 0 0.000466049 0.000466049 0.000466049
149 1 1 109.208 -11.1353 -62.2061 180 229.197 0 0.0157041 0.0157041 0.0157041
149 1 1 103.368 -10.5641 -65.8026 180 177.48 0 0.0140081 0.0140081 0.0140081
149 1 1 103.856 -11.8252 -68.1382 180 105.398 0 0.00928031 0.00928031 0.00928031
149 1 1 103.491 -11.5779 -68.0463 180 56.9311 0 0.0105242 0.0105242 0.0105242
149 1 1 102.415 -10.7293 -66.8341 180 162.645 0 0.00979003 0.00979003 0.00979003
149 1 1 101.813 -11.383 -67.9513 180 227.701 0 0.0125999 0.0125999 0.0125999
149 1 1 101.807 -11.7543 -69.2329 180 207.532 0 0.0150792 0.0150792 0.0150792
149 1 1 102.304 -12.1583 -70.6123 180 289.523 0 0.0109186 0.0109186 0.0109186
149 1 1 100.013 -11.8454 -71.9372 180 264.568 0 0.0125198 0.0125198 0.0125198
149 1 1 102.041 -12.1583 -70.6059 180 230.541 0 0.0114327 0.0114327 0.0114327
149 1 1 100.254 -11.5737 -71.0117 180 158.015 0 0.00964475 0.00964475 0.00964475
149 1 1 99.7389 -11.4747 -71.9155 180 115.395 0 0.00823176 0.00823176 0.00823176
149 1 1 101.444 -12.5513 -74.1456 180 85.2417 0 0.0146866 0.0146866 0.0146866
149 1 1 99.8795 -12.0395 -72.9703 180 162.81 0 0.00999907 0.00999907 0.00999907
149 1 1 101.729 -12.4777 -73.7564 180 45.6129 0 0.0110076 0.0110076 0.0110076
149 1 1 102.191 -12.9548 -75.4449 180 35.6612 0 0.0153814 0.0153814 0.0153814
149 1 1 101.835 -13.4405 -78.2208 180 56.8538 0 0.0116789 0.0116789 0.0116789
149 1 1 99.0285 -12.5279 -76.0389 180 42.7396 0 0.0100796 0.0100796 0.0100796
149 1 1 97.5347 -12.3728 -75.788 180 269.234 0 0.0146574 0.0146574 0.0146574
149 1 1 97.4923 -12.3728 -75.4577 180 88.1038 0 0.0104015 0.0104015 0.0104015
149 1 1 94.8972 -12.6513 -77.9351 180 134.883 0 0.00875186 0.00875186 0.00875186
149 1 1 96.8672 -13.0232 -77.4898 180 196.617 0 0.014789 0.014789 0.014789
149 1 1 95.236 -12.6513 -78.5418 180 130.981 0 0.0115139 0.0115139 0.0115139
149 1 1 98.2297 -13.5648 -79.7759 180 341.672 0 0.00944067 0.00944067 0.00944067
149 1 1 97.749 -13.4773 -80.1715 180 50.6764 0 0.0145015 0.0145015 0.0145015
149 1 1 94.8755 -12.6513 -78.6211 180 224.622 0 0.0136912 0.0136912 0.0136912
149 1 1 95.4711 -12.8375 -80.6873 180 342.44 0 0.0116473 0.0116473 0.0116473
149 1 1 93.7637 -13.0604 -83.7808 180 185.504 0 0.0120203 0.0120203 0.0120203
149 1 1 93.3705 -13.0604 -83.4375 180 285.902 0 0.015719 0.015719 0.015719
149 1 1 93.633 -13.1224 -84.4921 180 61.1999 0 0.0113442 0.0113442 0.0113442
149 1 1 95.7539 -13.7482 -89.3629 180 103.015 0 0.00965442 0.00965442 0.00965442
149 1 1 95.3479 -14.062 -92.7112 180 194.097 0 0.0139134 0.0139134 0.0139134
149 1 1 96.8049 -14.2597 -96.621 180 4.58054 0 0.01168 0.01168 0.01168
149 1 1 96.2968 -14.2324 -95.0181 180 111.38 0 0.015765 0.015765 0.015765
149 1 1 96.8588 -15.3479 -99.45 180 304.789 0 0.0115009 0.0115009 0.0115009
149 1 1 97.7498 -15.3479 -99.4276 180 34.0441 0 0.0101688 0.0101688 0.0101688
149 1 1 95.2069 -14.9793 -100.455 180 171.913 0 0.0108616 0.0108616 0.0108616
149 1 1 94.7025 -14.2075 -99.605 180 237.393 0 0.00926139 0.00926139 0.00926139
149 1 1 94.2731 -14.561 -101.635 180 89.3011 0 0.0150599 0.0150599 0.0150599
149 1 1 93.4089 -13.6354 -100.801 180 190.432 0 0.0083943 0.0083943 0.0083943
149 1 1 95.2889 -15.4867 -102.254 180 315.955 0 0.010689 0.010689 0.010689
149 1 1 93.4909 -13.8033 -102.365 180 35.3774 0 0.0122341 0.0122341 0.0122341
149 1 1 94.3059 -14.7381 -102.676 180 241.439 0 0.0136685 0.0136685 0.0136685
149 1 1 105.416 -15.9555 -115.223 180 218.113 0 0.00939978 0.00939978 0.00939978
149 1 1 104.799 -15.8636 -116.778 180 238.079 0 0.0113507 0.0113507 0.0113507
149 1 1 111.555 -16.6615 -122.815 180 58.2186 0 0.0101172 0.0101172 0.0101172
149 1 1 112.612 -17.3372 -126.567 180 146.066 0 0.0131792 0.0131792 0.0131792
149 1 1 109.898 -16.5099 -125.92 180 347.111 0 0.0116634 0.0116634 0.0116634
149 1 1 110.013 -16.5099 -126.414 180 66.3424 0 0.0136258 0.0136258 0.0136258
149 1 1 109.466 -16.2968 -127.801 180 28.1223 0 0.00968444 0.00968444 0.00968444
149 1 1 108.771 -15.5762 -129.352 180 271.797 0 0.0131327 0.0131327 0.0131327
149 1 1 107.97 -15.9232 -132.068 180 285.074 0 0.0095599 0.0095599 0.0095599
149 1 1 107.679 -15.547 -131.874 180 32.0441 0 0.0106708 0.0106708 0.0106708
149 1 1 105.706 -14.2701 -130.816 180 89.71 0 0.0156669 0.0156669 0.0156669
149 1 1 97.0844 -13.2227 -122.47 180 180.141 0 0.0141865 0.0141865 0.0141865
149 1 1 96.7794 -13.2577 -124.568 180 286.547 0 0.0123266 0.0123266 0.0123266
149 1 1 95.531 -12.6335 -123.658 180 280.796 0 0.0125975 0.0125975 0.0125975
149 1 1 95.5571 -12.2134 -122.613 180 28.163 0 0.0139749 0.0139749 0.0139749
149 1 1 95.1768 -12.6335 -123.664 180 88.067 0 0.010756 0.010756 0.010756
149 1 1 95.0312 -12.7728 -124.421 180 58.6121 0 0.00817892 0.00817892 0.00817892
149 1 1 91.9249 -11.0352 -125.829 180 303.679 0 0.0108738 0.0108738 0.0108738
149 1 1 94.2009 -11.6767 -127.183 180 301.797 0 0.00878192 0.00878192 0.00878192
149 1 1 92.6591 -10.7812 -128.084 180 158.805 0 0.0110885 0.0110885 0.0110885
149 1 1 90.2029 -10.1751 -130.505 180 303.716 0 0.011405 0.011405 0.011405
149 1 1 91.0527 -10.4079 -129.492 180 197.949 0 0.0125575 0.0125575 0.0125575
149 1 1 87.7411 -9.37568 -131.855 180 252.65 0 0.0111544 0.0111544 0.0111544
149 1 1 89.0511 -10.1195 -131.321 180 98.0237 0 0.0151773 0.0151773 0.0151773
149 1 1 87.702 -9.37568 -132.003 180 347.933 0 0.0111888 0.0111888 0.0111888
149 1 1 88.3349 -10.1078 -133.506 180 232.37 0 0.011613 0.011613 0.011613
149 1 1 85.3374 -8.05895 -134.002 180 271.254 0 0.0132759 0.0132759 0.0132759
149 1 1 84.8709 -8.22994 -135.405 180 215.767 0 0.0117295 0.0117295 0.0117295
149 1 1 84.5594 -7.10912 -134.241 180 339.12 0 0.0092515 0.0092515 0.0092515
149 1 1 84.8765 -8.05438 -137.203 180 117.336 0 0.00872693 0.00872693 0.00872693
149 1 1 84.9062 -7.71257 -138.087 180 189.868 0 0.0119784 0.0119784 0.0119784
149 1 1 84.0739 -7.14179 -137.494 180 359 0 0.0154079 0.0154079 0.0154079
149 1 1 84.8778 -7.20425 -140.872 180 247.605 0 0.0099915 0.0099915 0.0099915
149 1 1 84.2544 -6.75437 -139.34 180 280.557 0 0.0117245 0.0117245 0.0117245
149 1 1 81.8766 -5.36968 -139.568 180 95.1327 0 0.010876 0.010876 0.010876
149 1 1 81.9333 -6.09469 -140.775 180 163.069 0 0.0141754 0.0141754 0.0141754
149 1 1 79.9107 -5.60456 -141.04 180 247.714 0 0.0124275 0.0124275 0.0124275
149 1 1 78.5658 -4.60383 -141.329 180 324.014 0 0.013595 0.013595 0.013595
149 1 1 77.8515 -3.8942 -140.527 180 235.604 0 0.010339 0.010339 0.010339
149 1 1 77.2242 -4.49777 -141.799 180 107.098 0 0.00975612 0.00975612 0.00975612
149 1 1 77.582 -3.8606 -140.793 180 183.732 0 0.0137574 0.0137574 0.0137574
149 1 1 78.8431 -5.34033 -142.485 180 135.131 0 0.0122295 0.0122295 0.0122295
149 1 1 76.3245 -3.63185 -142.069 180 332.016 0 0.011882 0.011882 0.011882
149 1 1 76.492 -4.11893 -143.015 180 92.0483 0 0.0138319 0.0138319 0.0138319
149 1 1 78.0153 -5.34033 -142.162 180 139.1 0 0.0101902 0.0101902 0.0101902
149 1 1 75.4299 -2.86599 -142.482 180 188.139 0 0.0147191 0.0147191 0.0147191
149 1 1 76.7798 -3.09292 -141.694 180 246.594 0 0.0104134 0.0104134 0.0104134
149 1 1 0 7.01767 0 0 0 0 0 0 0
149 1 1 0 7.01767 0 0 0 0 0 0 0
149 1 1 0 7.01767 0 0 0 0 0 0 0
149 1 1 0 7.01767 0 0 0 0 0 0 0
149 1 1 0 7.01767 0 0 0 0 0 0 0
149 1 1 0 7.01767 0 0 0 0 0 0 0
149 1 1 0 7.01767 0 0 0 0 0 0 0
149 1 1 -165.905 -1.96877 -119.104 180 12.5874 0 0.0131738 0.0131738 0.0131738
149 1 1 -164.87 -1.84059 -118.062 180 5.83437 0 0.00921369 0.00921369 0.00921369
149 1 1 -165.325 -1.54561 -117.623 180 175.495 0 0.0144689 0.0144689 0.0144689
149 1 1 -166.052 -1.71623 -118.673 180 130.973 0 0.0118011 0.0118011 0.0118011
149 1 1 -166.542 -1.71623 -118.282 180 286.027 0 0.0150243 0.0150243 0.0150243
149 1 1 -173.211 -1.583 -119.516 180 116.983 0 0.0133574 0.0133574 0.0133574
149 1 1 -172.41 -2.3275 -120.836 180 16.5359 0 0.0130648 0.0130648 0.0130648
149 1 1 -172.914 -1.86845 -119.782 180 158.925 0 0.0154448 0.0154448 0.0154448
149 1 1 -173.417 -2.01485 -121.087 180 328.433 0 0.0146696 0.0146696 0.0146696
149 1 1 -173.271 -2.11107 -121.929 180 176.536 0 0.0131545 0.0131545 0.0131545
149 1 1 -172.542 -2.34402 -120.668 180 145.773 0 0.0147215 0.0147215 0.0147215
149 1 1 -173.948 -2.0066 -122.255 180 280.071 0 0.00923821 0.00923821 0.00923821
149 1 1 -173.174 -2.11107 -121.85 180 225.899 0 0.0130657 0.0130657 0.0130657
149 1 1 -177.82 -3.67528 -123.871 180 181.322 0 0.00834169 0.00834169 0.00834169
149 1 1 -178.125 -3.10808 -123.564 180 40.7733 0 0.012493 0.012493 0.012493
149 1 1 -177.304 -2.88393 -123.005 180 14.4031 0 0.008609 0.008609 0.008609
149 1 1 -178.237 -2.39663 -122.391 180 295.311 0 0.00973409 0.00973409 0.00973409
149 1 1 -177.93 -3.10808 -123.292 180 154.817 0 0.0116805 0.0116805 0.0116805
149 1 1 -178.397 -3.10808 -123.232 180 130.378 0 0.0150897 0.0150897 0.0150897
149 1 1 -177.953 -3.10808 -122.957 180 238.82 0 0.0129143 0.0129143 0.0129143
149 1 1 -178.086 -3.10808 -123.739 180 16.3382 0 0.0145947 0.0145947 0.0145947
149 1 1 -178.961 -2.45376 -121.951 180 188.561 0 0.013038 0.013038 0.013038
149 1 1 -183.831 -2.45981 -121.36 180 343.595 0 0.00917308 0.00917308 0.00917308
149 1 1 -184.922 -2.61995 -121.484 180 349.673 0 0.0123357 0.0123357 0.0123357
149 1 1 -183.866 -3.13788 -122.612 180 292.16 0 0.0108769 0.0108769 0.0108769
149 1 1 -184.612 -3.85221 -123.276 180 160.105 0 0.0112706 0.0112706 0.0112706
149 1 1 -183.91 -3.13788 -122.085 180 300.507 0 0.0128713 0.0128713 0.0128713
149 1 1 -167.077 -4.68051 -89.0481 180 326.372 0 0.00858992 0.00858992 0.00858992
149 1 1 -166.395 -4.67646 -89.7922 180 101.067 0 0.0145045 0.0145045 0.0145045
149 1 1 -166.859 -4.13363 -91.0439 180 1.11687 0 0.00864314 0.00864314 0.00864314
67 1 1 -158.56 -2.37835 -116.015 180 245.427 0 0.0144398 0.0144398 0.0144398
67 1 1 -159.076 -2.38623 -116.45 180 282.523 0 0.0127766 0.0127766 0.0127766
67 1 1 -159.304 -2.39486 -118.638 180 316.278 0 0.00898319 0.00898319 0.00898319
67 1 1 -158.964 -3.11064 -119.917 180 169.191 0 0.0132777 0.0132777 0.0132777
67 1 1 -159.734 -2.25326 -118.84 180 291.359 0 0.0116299 0.0116299 0.0116299
67 1 1 -162.847 -1.983 -122.361 180 164.599 0 0.0109856 0.0109856 0.0109856
67 1 1 -163.203 -1.81705 -122.915 180 323.722 0 0.0141207 0.0141207 0.0141207
67 1 1 -162.53 -2.3748 -122.414 180 298.377 0 0.0159164 0.0159164 0.0159164
67 1 1 -162.581 -2.32709 -123.202 180 338.763 0 0.010927 0.010927 0.010927
67 1 1 -162.235 -2.32709 -123.347 180 348.223 0 0.00807162 0.00807162 0.00807162
67 1 1 -162.347 -2.3748 -122.502 180 116.89 0 0.0105578 0.0105578 0.0105578
67 1 1 -162.879 -1.983 -122.26 180 175.596 0 0.0137804 0.0137804 0.0137804
67 1 1 -163.255 -1.983 -122.25 180 161.296 0 0.00835569 0.00835569 0.00835569
67 1 1 -162.328 -2.32709 -123.223 180 234.32 0 0.0112296 0.0112296 0.0112296
67 1 1 -161.927 -2.32709 -123.686 180 114.996 0 0.0149666 0.0149666 0.0149666
67 1 1 -161.544 -3.06687 -123.663 180 77.521 0 0.00991178 0.00991178 0.00991178
67 1 1 -162.693 -1.983 -122.729 180 312.987 0 0.00922045 0.00922045 0.00922045
67 1 1 -160.623 -3.76009 -123.825 180 57.0796 0 0.0101621 0.0101621 0.0101621
67 1 1 -160.194 -3.76009 -123.926 180 70.3126 0 0.00976522 0.00976522 0.00976522
67 1 1 -159.612 -4.04457 -123.967 180 263.744 0 0.00884024 0.00884024 0.00884024
67 1 1 -160.351 -3.76124 -123.31 180 296.162 0 0.0158449 0.0158449 0.0158449
67 1 1 -159.834 -3.76009 -123.994 180 123.334 0 0.0151676 0.0151676 0.0151676
67 1 1 -157.065 -4.46955 -122.623 180 118.585 0 0.0115145 0.0115145 0.0115145
67 1 1 -156.936 -4.46955 -122.72 180 36.0357 0 0.0141582 0.0141582 0.0141582
67 1 1 -157.071 -4.46955 -122.644 180 64.0166 0 0.0147354 0.0147354 0.0147354
67 1 1 -155.865 -5.30598 -123.181 180 347.02 0 0.00802451 0.00802451 0.00802451
67 1 1 -157.144 -4.30943 -121.532 180 139.005 0 0.00917807 0.00917807 0.00917807
67 1 1 -156.382 -5.28871 -122.365 180 100.253 0 0.014652 0.014652 0.014652
67 1 1 -158.029 -4.15976 -122.733 180 175.227 0 0.00996996 0.00996996 0.00996996
67 1 1 -155.251 -5.69718 -121.993 180 330.728 0 0.0125251 0.0125251 0.0125251
67 1 1 -155.114 -5.65289 -121.325 180 348.527 0 0.0130011 0.0130011 0.0130011
67 1 1 -154.181 -6.39715 -122.74 180 282.367 0 0.00836585 0.00836585 0.00836585
67 1 1 -155.758 -5.28871 -122.438 180 103.312 0 0.00875009 0.00875009 0.00875009
67 1 1 -154.495 -6.39715 -122.721 180 201.396 0 0.010101 0.010101 0.010101
67 1 1 -154.319 -6.39715 -122.742 180 234.421 0 0.0125042 0.0125042 0.0125042
67 1 1 -153.234 -6.45314 -120.491 180 60.1573 0 0.014831 0.014831 0.014831
67 1 1 -150.909 -7.41635 -120.275 180 173.131 0 0.0136027 0.0136027 0.0136027
67 1 1 -152.254 -7.21489 -120.918 180 40.4217 0 0.0100389 0.0100389 0.0100389
67 1 1 -150.726 -7.41635 -120.529 180 192.064 0 0.0137949 0.0137949 0.0137949
67 1 1 -152.343 -7.1089 -120.599 180 189.144 0 0.0139682 0.0139682 0.0139682
67 1 1 -152.619 -6.8582 -119.18 180 311.86 0 0.0157039 0.0157039 0.0157039
67 1 1 -157.569 -4.30943 -121.486 180 113.611 0 0.0135473 0.0135473 0.0135473
67 1 1 -156.939 -4.30943 -120.906 180 225.665 0 0.01543 0.01543 0.01543
67 1 1 -157.678 -4.30943 -120.876 180 166.262 0 0.0136991 0.0136991 0.0136991
67 1 1 -156.856 -4.30943 -121.34 180 53.6165 0 0.00834656 0.00834656 0.00834656
67 1 1 -156.047 -4.57896 -120.753 180 326.903 0 0.012581 0.012581 0.012581
67 1 1 -158.695 -3.86176 -121.788 180 95.092 0 0.0111608 0.0111608 0.0111608
67 1 1 -158.797 -3.50521 -121.256 180 42.4041 0 0.0135257 0.0135257 0.0135257
67 1 1 -158.876 -3.50521 -121.351 180 183.44 0 0.010276 0.010276 0.010276
67 1 1 -159.081 -3.11064 -120.561 180 278.398 0 0.0143083 0.0143083 0.0143083
67 1 1 -160.751 -2.74946 -121.428 180 82.3313 0 0.0102682 0.0102682 0.0102682
67 1 1 -160.862 -2.74946 -121.511 180 53.7057 0 0.012171 0.012171 0.012171
67 1 1 -159.734 -2.80578 -120.908 180 131.441 0 0.0100631 0.0100631 0.0100631
67 1 1 -160.362 -3.44249 -121.852 180 271.147 0 0.0105749 0.0105749 0.0105749
67 1 1 -160.5 -2.80578 -120.929 180 159.486 0 0.0155118 0.0155118 0.0155118
67 1 1 -161.647 -2.4626 -120.157 180 65.0525 0 0.0149321 0.0149321 0.0149321
67 1 1 -162.196 -1.99504 -119.621 180 54.1149 0 0.0152556 0.0152556 0.0152556
67 1 1 -161.12 -2.4626 -120.254 180 2.79877 0 0.0139577 0.0139577 0.0139577
67 1 1 -161.584 -1.83398 -119.229 180 50.5932 0 0.0140061 0.0140061 0.0140061
67 1 1 -162.262 -2.34876 -120.837 180 115.657 0 0.0134358 0.0134358 0.0134358
67 1 1 -162.654 -1.99504 -119.014 180 216.939 0 0.0121604 0.0121604 0.0121604
67 1 1 -160.324 -1.78362 -116.124 180 35.917 0 0.0114446 0.0114446 0.0114446
67 1 1 -160.776 -1.66657 -116.407 180 225.014 0 0.0154167 0.0154167 0.0154167
67 1 1 -161.91 -1.22028 -116.42 180 175.872 0 0.0105569 0.0105569 0.0105569
67 1 1 -160.525 -1.61894 -115.698 180 267.763 0 0.00993479 0.00993479 0.00993479
67 1 1 -159.875 -2.18288 -116.898 180 324.771 0 0.0142854 0.0142854 0.0142854
67 1 1 -159.115 -2.13303 -115.303 180 3.41886 0 0.0123898 0.0123898 0.0123898
67 1 1 -159.604 -2.42572 -117.184 180 7.47947 0 0.0110012 0.0110012 0.0110012
67 1 1 -159.493 -2.13303 -115.327 180 353.258 0 0.0125023 0.0125023 0.0125023
67 1 1 -157.918 -1.8808 -114.07 180 116.926 0 0.00882559 0.00882559 0.00882559
67 1 1 -159.083 -2.13303 -115.012 180 310.614 0 0.00829812 0.00829812 0.00829812
67 1 1 -158.367 -1.6083 -113.625 180 263.37 0 0.00808991 0.00808991 0.00808991
67 1 1 -158.308 -1.8808 -113.939 180 118.773 0 0.0127714 0.0127714 0.0127714
67 1 1 -159.317 -1.10492 -113.577 180 197.816 0 0.00831425 0.00831425 0.00831425
67 1 1 -157.404 -1.83397 -112.838 180 157.512 0 0.0158244 0.0158244 0.0158244
67 1 1 -158.084 -1.8808 -114.023 180 274.271 0 0.0155125 0.0155125 0.0155125
67 1 1 -157.036 -1.31513 -106.549 180 99.7048 0 0.00839251 0.00839251 0.00839251
67 1 1 -157.794 -1.28953 -106.438 180 47.4609 0 0.0148839 0.0148839 0.0148839
67 1 1 -157.264 -1.66886 -105.505 180 111.997 0 0.0108373 0.0108373 0.0108373
67 1 1 -156.788 -1.31513 -106.051 180 272.23 0 0.012232 0.012232 0.012232
67 1 1 -157.483 -1.31513 -106.353 180 128.667 0 0.00937871 0.00937871 0.00937871
67 1 1 -156.305 -1.57666 -105.506 180 185.535 0 0.0112275 0.0112275 0.0112275
67 1 1 -156.328 -1.70196 -106.048 180 253.577 0 0.00992022 0.00992022 0.00992022
67 1 1 -163.736 -1.32571 -106.107 180 151.965 0 0.0136313 0.0136313 0.0136313
67 1 1 -162.462 -1.76964 -105.53 180 72.0912 0 0.00940418 0.00940418 0.00940418
67 1 1 -163.909 -1.29592 -107.014 180 5.41338 0 0.010149 0.010149 0.010149
67 1 1 -163.561 -1.62757 -105.76 180 76.1435 0 0.0114104 0.0114104 0.0114104
67 1 1 -163.287 -1.53796 -106.866 180 274.373 0 0.0125741 0.0125741 0.0125741
67 1 1 -163.268 -1.62757 -105.215 180 316.859 0 0.0138432 0.0138432 0.0138432
67 1 1 -164.252 -1.21565 -104.118 180 227.649 0 0.0154051 0.0154051 0.0154051
67 1 1 -163.284 -1.58677 -103.968 180 121.804 0 0.0114332 0.0114332 0.0114332
67 1 1 -163.204 -1.58677 -104.534 180 51.5924 0 0.0141721 0.0141721 0.0141721
67 1 1 -163.444 -1.62757 -105.285 180 250.614 0 0.0117713 0.0117713 0.0117713
67 1 1 -164.297 -1.28571 -104.863 180 180.619 0 0.0104184 0.0104184 0.0104184
67 1 1 -164.247 -1.11913 -103.538 180 126.325 0 0.00916295 0.00916295 0.00916295
67 1 1 -164.564 -1.11913 -103.513 180 101.711 0 0.0088693 0.0088693 0.0088693
67 1 1 -163.545 -1.19493 -102.671 180 228.563 0 0.0112441 0.0112441 0.0112441
67 1 1 -164.241 -1.11913 -103.616 180 342.407 0 0.00886527 0.00886527 0.00886527
67 1 1 -162.912 -1.48627 -103.521 180 123.653 0 0.0126012 0.0126012 0.0126012
67 1 1 -164.524 -1.11913 -103.666 180 124.875 0 0.00822362 0.00822362 0.00822362
67 1 1 -164.486 -1.11913 -103.084 180 269.845 0 0.00881216 0.00881216 0.00881216
67 1 1 -166.42 -1.6587 -101.37 180 70.1738 0 0.0137202 0.0137202 0.0137202
67 1 1 -166.454 -1.07035 -102.233 180 280.7 0 0.0082632 0.0082632 0.0082632
67 1 1 -168.325 -0.818224 -102.035 180 359.473 0 0.0127844 0.0127844 0.0127844
67 1 1 -167.407 -1.74173 -100.852 180 313.633 0 0.010035 0.010035 0.010035
67 1 1 -166.516 -1.07035 -102.2 180 8.48376 0 0.00985196 0.00985196 0.00985196
67 1 1 -166.759 -1.74173 -101.58 180 250.801 0 0.00810716 0.00810716 0.00810716
67 1 1 -172.705 -0.947222 -103.622 180 287.314 0 0.0101165 0.0101165 0.0101165
67 1 1 -171.56 -0.966628 -103.151 180 318.66 0 0.0107846 0.0107846 0.0107846
67 1 1 -171.638 -0.966628 -103.349 180 345.252 0 0.00974171 0.00974171 0.00974171
67 1 1 -172.585 -1.48667 -102.172 180 79.2431 0 0.00982507 0.00982507 0.00982507
67 1 1 -173.326 -0.806832 -103.909 180 330.768 0 0.0111162 0.0111162 0.0111162
67 1 1 -172.797 -0.947222 -102.968 180 105.405 0 0.00910588 0.00910588 0.00910588
67 1 1 -172.142 -0.939483 -102.877 180 117.72 0 0.0118099 0.0118099 0.0118099
67 1 1 -175.408 -1.6687 -99.5097 180 148.328 0 0.0128858 0.0128858 0.0128858
67 1 1 -174.855 -1.6687 -99.5805 180 191.458 0 0.0118407 0.0118407 0.0118407
67 1 1 -175.176 -2.04634 -98.7398 180 139.587 0 0.0110467 0.0110467 0.0110467
67 1 1 -174.21 -1.96405 -99.4182 180 87.962 0 0.0151025 0.0151025 0.0151025
67 1 1 -176.066 -1.54254 -99.4077 180 283.964 0 0.0109075 0.0109075 0.0109075
67 1 1 -174.661 -1.6687 -99.6238 180 161.392 0 0.0119831 0.0119831 0.0119831
67 1 1 -174.993 -1.6687 -99.7698 180 76.8929 0 0.0147319 0.0147319 0.0147319
67 1 1 -174.853 -1.4082 -100.767 180 270.526 0 0.00882317 0.00882317 0.00882317
67 1 1 -173.561 -2.28231 -99.1802 180 218.597 0 0.0157065 0.0157065 0.0157065
67 1 1 -173.651 -1.51833 -100.873 180 324.063 0 0.0155105 0.0155105 0.0155105
67 1 1 -175.105 -1.4082 -100.29 180 245.021 0 0.0120579 0.0120579 0.0120579
67 1 1 -173.404 -2.10317 -100.679 180 350.982 0 0.00864719 0.00864719 0.00864719
67 1 1 -173.324 -1.51833 -101.15 180 263.642 0 0.0130337 0.0130337 0.0130337
67 1 1 -173.375 -1.51833 -100.815 180 26.2483 0 0.00998277 0.00998277 0.00998277
67 1 1 -173.647 -1.51833 -101.723 180 331.041 0 0.0157961 0.0157961 0.0157961
67 1 1 -173.644 -2.10317 -100.04 180 17.2875 0 0.0127419 0.0127419 0.0127419
67 1 1 -173.828 -1.74233 -100.763 180 225.962 0 0.00914357 0.00914357 0.00914357
67 1 1 -172.329 -2.34707 -100.681 180 61.7551 0 0.00828309 0.00828309 0.00828309
67 1 1 -170.592 -2.44161 -99.9432 180 185.801 0 0.013923 0.013923 0.013923
67 1 1 -171.746 -1.69501 -101.575 180 75.8175 0 0.00988729 0.00988729 0.00988729
67 1 1 -170.568 -1.75529 -101.106 180 273.322 0 0.0134099 0.0134099 0.0134099
67 1 1 -170.999 -1.74131 -100.917 180 138.803 0 0.00841084 0.00841084 0.00841084
67 1 1 -170.477 -2.44161 -100.024 180 17.3456 0 0.0141112 0.0141112 0.0141112
67 1 1 -168.029 -1.75854 -101.346 180 105.778 0 0.0142895 0.0142895 0.0142895
67 1 1 -169.01 -0.897989 -101.966 180 338.987 0 0.0118501 0.0118501 0.0118501
67 1 1 -168.934 -1.76108 -101.25 180 83.355 0 0.015847 0.015847 0.015847
67 1 1 -169.107 -1.76108 -101.334 180 200.687 0 0.0108571 0.0108571 0.0108571
67 1 1 -168.267 -2.56855 -99.9763 180 192.404 0 0.0128107 0.0128107 0.0128107
67 1 1 -167.779 -0.818224 -102.028 180 17.1856 0 0.0158131 0.0158131 0.0158131
67 1 1 -166.603 -1.98624 -100.776 180 136.148 0 0.00913045 0.00913045 0.00913045
67 1 1 -166.629 -1.98624 -100.408 180 261.436 0 0.0152086 0.0152086 0.0152086
67 1 1 -168.374 -2.56855 -100.248 180 359.134 0 0.0130264 0.0130264 0.0130264
67 1 1 -166.532 -1.6587 -101.64 180 199.735 0 0.010558 0.010558 0.010558
67 1 1 -166.764 -2.50244 -100.095 180 151.137 0 0.0155849 0.0155849 0.0155849
67 1 1 -164.595 -2.19637 -99.1496 180 284.178 0 0.00922162 0.00922162 0.00922162
67 1 1 -164.855 -1.85768 -100.496 180 157.763 0 0.0114938 0.0114938 0.0114938
67 1 1 -162.546 -2.68047 -96.3633 180 151.536 0 0.0108227 0.0108227 0.0108227
67 1 1 -161.712 -2.80948 -95.8093 180 239.283 0 0.0156623 0.0156623 0.0156623
67 1 1 -161.749 -2.68047 -96.7664 180 352.139 0 0.00961745 0.00961745 0.00961745
67 1 1 -162.319 -2.80948 -94.8171 180 281.828 0 0.0101118 0.0101118 0.0101118
67 1 1 -162.614 -2.68047 -96.7278 180 317.728 0 0.0146545 0.0146545 0.0146545
67 1 1 -161.423 -3.06452 -95.8088 180 94.7635 0 0.0132156 0.0132156 0.0132156
67 1 1 -164.851 -2.46806 -94.6565 180 64.0936 0 0.00977672 0.00977672 0.00977672
67 1 1 -166.272 -1.79161 -95.8455 180 27.5488 0 0.0119924 0.0119924 0.0119924
67 1 1 -165.479 -2.46806 -94.2312 180 81.4771 0 0.0122485 0.0122485 0.0122485
67 1 1 -165.173 -2.00746 -95.2359 180 157.18 0 0.0131251 0.0131251 0.0131251
67 1 1 -167.374 -2.32641 -94.694 180 54.4578 0 0.00893881 0.00893881 0.00893881
67 1 1 -167.538 -1.86258 -94.9914 180 57.8486 0 0.0146963 0.0146963 0.0146963
67 1 1 -169.078 -2.32214 -94.2411 180 201.496 0 0.00939944 0.00939944 0.00939944
67 1 1 -167.71 -2.32648 -93.9136 180 323.977 0 0.0126482 0.0126482 0.0126482
67 1 1 -168.647 -1.87749 -95.2826 180 222.322 0 0.0114639 0.0114639 0.0114639
67 1 1 -169.767 -2.6778 -93.7848 180 270.038 0 0.0148388 0.0148388 0.0148388
67 1 1 -169.486 -2.32214 -94.3577 180 228.649 0 0.0156011 0.0156011 0.0156011
67 1 1 -170.209 -2.07849 -95.542 180 109.667 0 0.0128363 0.0128363 0.0128363
23 1 1 -168.997 -1.76108 -101.725 180 70.217 0 0.0138707 0.0138707 0.0138707
23 1 1 -170.001 -1.75529 -101.131 180 78.3633 0 0.00912326 0.00912326 0.00912326
23 1 1 -170.472 -2.33651 -94.2897 180 242.035 0 0.0147504 0.0147504 0.0147504
23 1 1 -170.735 -2.40333 -93.9886 180 244.927 0 0.00876496 0.00876496 0.00876496
23 1 1 -170.867 -2.60824 -92.9923 180 265.077 0 0.00876358 0.00876358 0.00876358
23 1 1 -172.417 -2.702 -93.7544 180 258.353 0 0.0129049 0.0129049 0.0129049
23 1 1 -171.737 -2.55604 -94.5891 180 229.113 0 0.0136201 0.0136201 0.0136201
23 1 1 -169.362 -2.82591 -93.1218 180 214.522 0 0.0134031 0.0134031 0.0134031
23 1 1 -168.585 -2.94992 -93.199 180 260.295 0 0.0139126 0.0139126 0.0139126
23 1 1 -167.929 -2.94992 -93.0563 180 320.855 0 0.0123635 0.0123635 0.0123635
23 1 1 -164.066 -2.63088 -94.4961 180 205.73 0 0.00942369 0.00942369 0.00942369
23 1 1 -163.598 -2.8619 -94.3596 180 292.392 0 0.0118724 0.0118724 0.0118724
23 1 1 -164.5 -2.63088 -94.6742 180 266.868 0 0.0142044 0.0142044 0.0142044
23 1 1 -164.068 -2.63088 -94.4272 180 29.3555 0 0.00933161 0.00933161 0.00933161
23 1 1 -149.409 -2.09365 -106.566 180 228.689 0 0.00897577 0.00897577 0.00897577
23 1 1 -150.044 -1.83566 -106.425 180 224.428 0 0.0141348 0.0141348 0.0141348
23 1 1 -150.18 -1.46257 -106.859 180 3.72506 0 0.011041 0.011041 0.011041
23 1 1 -149.323 -2.09365 -106.442 180 89.8619 0 0.00851106 0.00851106 0.00851106
23 1 1 -150.281 -1.79634 -109.728 180 154.641 0 0.0138134 0.0138134 0.0138134
23 1 1 -151.031 -1.40216 -110.024 180 217.985 0 0.0105825 0.0105825 0.0105825
23 1 1 -151.878 -1.25108 -110.384 180 138.624 0 0.00888922 0.00888922 0.00888922
23 1 1 -161.131 -0.789049 -114.746 180 216.507 0 0.0154548 0.0154548 0.0154548
23 1 1 -162.129 -1.02357 -115.683 180 205.214 0 0.0137741 0.0137741 0.0137741
23 1 1 -161.06 -1.40887 -115.351 180 277.057 0 0.0154253 0.0154253 0.0154253
23 1 1 -161.572 -0.789049 -113.976 180 64.7421 0 0.00976738 0.00976738 0.00976738
23 1 1 -160.635 -1.78362 -115.937 180 50.9065 0 0.011412 0.011412 0.011412
23 1 1 -172.434 -2.08809 -119.106 180 98.152 0 0.0110909 0.0110909 0.0110909
23 1 1 -172.995 -1.583 -119.548 180 187.255 0 0.00988083 0.00988083 0.00988083
23 1 1 -172.346 -1.67171 -118.632 180 205.851 0 0.01447 0.01447 0.01447
23 1 1 -172.307 -2.08809 -119.119 180 277.077 0 0.00866498 0.00866498 0.00866498
23 1 1 -171.674 -2.08809 -119.005 180 226.062 0 0.00800384 0.00800384 0.00800384
27 1 1 -164.914 -2.24568 -120.792 180 299.854 0 0.013375 0.013375 0.013375
27 1 1 -165.957 -1.96877 -119.45 180 233.796 0 0.0130371 0.0130371 0.0130371
27 1 1 -166.592 -2.15424 -119.88 180 295.11 0 0.0089765 0.0089765 0.0089765
27 1 1 -166.458 -2.15424 -119.947 180 299.467 0 0.0132446 0.0132446 0.0132446
27 1 1 -165.047 -2.24568 -120.775 180 316.837 0 0.0149292 0.0149292 0.0149292
27 1 1 -155.061 -2.4387 -114.373 180 254.112 0 0.0157269 0.0157269 0.0157269
27 1 1 -155.779 -2.45666 -115.593 180 101.277 0 0.0116516 0.0116516 0.0116516
27 1 1 -155.34 -2.65997 -115.041 180 116.529 0 0.00980799 0.00980799 0.00980799
27 1 1 -155.194 -2.4387 -114.506 180 0.0598326 0 0.0121361 0.0121361 0.0121361
27 1 1 -154.604 -2.98212 -115.338 180 86.8407 0 0.0145134 0.0145134 0.0145134
27 1 1 -156.399 -2.07532 -110.923 180 239.227 0 0.0102536 0.0102536 0.0102536
27 1 1 -157.645 -1.84902 -112.034 180 186.22 0 0.0136486 0.0136486 0.0136486
27 1 1 -159.117 -1.25853 -106.273 180 115.39 0 0.0138114 0.0138114 0.0138114
27 1 1 -159.569 -1.25853 -106.614 180 256.648 0 0.0140334 0.0140334 0.0140334
27 1 1 -158.683 -1.28953 -106.113 180 324.752 0 0.0111804 0.0111804 0.0111804
27 1 1 -158.886 -1.25853 -106.742 180 261.849 0 0.010353 0.010353 0.010353
27 1 1 -160.104 -1.74204 -105.189 180 64.957 0 0.0107528 0.0107528 0.0107528
27 1 1 -158.305 -1.92427 -104.603 180 336.371 0 0.0152694 0.0152694 0.0152694
27 1 1 -158.725 -1.96316 -104.457 180 47.5468 0 0.00996575 0.00996575 0.00996575
27 1 1 -158.742 -1.25853 -105.923 180 325.622 0 0.0114072 0.0114072 0.0114072
27 1 1 -159.18 -1.96316 -103.837 180 294.922 0 0.015626 0.015626 0.015626
27 1 1 -161.327 -1.96131 -104.647 180 258.757 0 0.0135291 0.0135291 0.0135291
27 1 1 -159.608 -1.70097 -104.998 180 279.083 0 0.00846528 0.00846528 0.00846528
27 1 1 -159.838 -1.74204 -105.669 180 73.9394 0 0.0125294 0.0125294 0.0125294
27 1 1 -160.596 -2.00184 -104.395 180 86.8097 0 0.0111726 0.0111726 0.0111726
27 1 1 -165.724 -2.48516 -99.7358 180 160.961 0 0.00811387 0.00811387 0.00811387
27 1 1 -165.795 -2.48516 -99.6299 180 211.913 0 0.0136207 0.0136207 0.0136207
27 1 1 -164.928 -1.85768 -100.77 180 213.563 0 0.0132966 0.0132966 0.0132966
27 1 1 -170.08 -2.44161 -100.426 180 353.546 0 0.00924418 0.00924418 0.00924418
27 1 1 -170.206 -1.39912 -101.826 180 15.9555 0 0.0126144 0.0126144 0.0126144
27 1 1 -169.09 -2.52212 -100.732 180 33.3489 0 0.0159515 0.0159515 0.0159515
27 1 1 -170.448 -1.75529 -101.186 180 65.995 0 0.0119143 0.0119143 0.0119143
27 1 1 -169.836 -2.44161 -100.177 180 183.041 0 0.012683 0.012683 0.012683
27 1 1 -166.426 -3.02109 -93.3556 180 9.97622 0 0.012535 0.012535 0.012535
27 1 1 -164.901 -3.72907 -92.749 180 206.751 0 0.0151009 0.0151009 0.0151009
27 1 1 -165.727 -2.36844 -94.0144 180 329.707 0 0.0087597 0.0087597 0.0087597
27 1 1 -173.199 -2.3767 -98.2128 180 30.2447 0 0.00918727 0.00918727 0.00918727
27 1 1 -174.634 -2.22191 -98.303 180 26.7012 0 0.01372 0.01372 0.01372
27 1 1 -173.067 -2.3767 -97.8653 180 172.119 0 0.0128022 0.0128022 0.0128022
27 1 1 -173.166 -2.3767 -98.464 180 300.395 0 0.0140958 0.0140958 0.0140958
27 1 1 -174.571 -2.22191 -97.9608 180 78.5641 0 0.0155452 0.0155452 0.0155452
27 1 1 -149.569 -2.24192 -107.885 180 221.967 0 0.0140645 0.0140645 0.0140645
27 1 1 -150.37 -1.79634 -109.035 180 235.01 0 0.0157011 0.0157011 0.0157011
27 1 1 -149.327 -2.25376 -107.177 180 206.268 0 0.0118801 0.0118801 0.0118801
27 1 1 -149.285 -2.24192 -108.419 180 12.3982 0 0.0115671 0.0115671 0.0115671
27 1 1 -149.399 -2.19499 -108.939 180 311.663 0 0.0140971 0.0140971 0.0140971
27 1 1 -148.999 -2.24192 -108.101 180 353.957 0 0.0142939 0.0142939 0.0142939
145 1 1 -169.26 -4.57736 -88.7863 180 46.5631 0 0.0130746 0.0130746 0.0130746
145 1 1 -167.514 -4.68051 -89.2269 180 299.898 0 0.0091427 0.0091427 0.0091427
145 1 1 -162.698 -4.54113 -88.4719 180 257.855 0 0.0130707 0.0130707 0.0130707
145 1 1 -163.883 -4.67335 -87.989 180 335.388 0 0.0102047 0.0102047 0.0102047
145 1 1 -162.772 -4.34354 -89.0635 180 62.2224 0 0.0157146 0.0157146 0.0157146
145 1 1 -162.944 -4.9498 -87.1577 180 144.395 0 0.00917235 0.00917235 0.00917235
145 1 1 -138.211 -7.37069 -61.923 180 148.264 0 0.0144541 0.0144541 0.0144541
145 1 1 -137.496 -8.22854 -61.7643 180 298.905 0 0.0132524 0.0132524 0.0132524
145 1 1 -138.051 -7.37069 -62.2804 180 264.445 0 0.011875 0.011875 0.011875
145 1 1 -137.64 -7.60598 -62.3104 180 201.492 0 0.0142258 0.0142258 0.0142258
145 1 1 -137.471 -6.85329 -63.0248 180 206.774 0 0.0122223 0.0122223 0.0122223
145 1 1 -138.211 -5.03965 -65.3639 180 45.5134 0 0.00856841 0.00856841 0.00856841
145 1 1 -136.644 -5.37888 -64.8903 180 347.296 0 0.00875913 0.00875913 0.00875913
145 1 1 -137.009 -6.04487 -63.9922 180 309.175 0 0.00905401 0.00905401 0.00905401
145 1 1 -136.726 -6.16534 -64.645 180 7.23441 0 0.0122782 0.0122782 0.0122782
12 1 1 -184.756 -3.89973 -123.183 180 340.373 0 0.011677 0.011677 0.011677
12 1 1 -183.943 -3.13788 -122.308 180 66.7092 0 0.0103285 0.0103285 0.0103285
12 1 1 -185.14 -3.89973 -123.158 180 33.0641 0 0.011035 0.011035 0.011035
12 1 1 -185.521 -3.89973 -122.969 180 98.4263 0 0.0120698 0.0120698 0.0120698
12 1 1 -177.949 -0.661328 -119.624 180 53.533 0 0.0109255 0.0109255 0.0109255
12 1 1 -177.381 -1.03784 -120.747 180 191.235 0 0.0119841 0.0119841 0.0119841
12 1 1 -178.197 -1.65206 -121.105 180 195.889 0 0.00871074 0.00871074 0.00871074
12 1 1 -177.99 -1.65206 -121.126 180 74.0521 0 0.013019 0.013019 0.013019
12 1 1 -185.233 -3.24816 -122.424 180 47.7749 0 0.0121084 0.0121084 0.0121084
12 1 1 -185.692 -3.37166 -122.642 180 359.42 0 0.00943845 0.00943845 0.00943845
12 1 1 -187.072 -3.56068 -122.648 180 166.612 0 0.0126102 0.0126102 0.0126102
12 1 1 -186.221 -3.37166 -122.446 180 141.286 0 0.0133964 0.0133964 0.0133964
12 1 1 -184.599 -2.45981 -120.874 180 200.119 0 0.00996786 0.00996786 0.00996786
12 1 1 -184.697 -2.61995 -121.496 180 158.14 0 0.0102771 0.0102771 0.0102771
12 1 1 -184.739 -3.24816 -122.502 180 343.217 0 0.0130351 0.0130351 0.0130351
12 1 1 -183.61 -2.98205 -122.337 180 96.5926 0 0.0145651 0.0145651 0.0145651
12 1 1 0 7.01767 0 0 0 0 0 0 0
12 1 1 0 7.01767 0 0 0 0 0 0 0
