INSTANCES:
149 1 1 7.27354 -153.422 7346.87 180 109.203 0 1.54831 1.54831 1.54831
149 1 1 122.729 -173.89 6757.23 180 211.333 0 1.1711 1.1711 1.1711
149 1 1 -572.929 -186.019 6885.06 180 150.562 0 1.19497 1.19497 1.19497
149 1 1 -684.738 -79.172 7055.77 180 85.7736 0 1.32324 1.32324 1.32324
149 1 1 62.5308 -153.422 7346.67 180 353.579 0 1.722 1.722 1.722
149 1 1 -10.1928 -11.0632 7700.8 180 179.955 0 1.36584 1.36584 1.36584
149 1 1 -107.807 -236.132 7135.19 180 70.9595 0 1.98325 1.98325 1.98325
149 1 1 -717.486 -23.6975 7365.23 180 302.791 0 1.37876 1.37876 1.37876
149 1 1 211.555 -171.459 7153.09 180 213.073 0 1.77895 1.77895 1.77895
149 1 1 -519.016 15.4917 7739.22 180 234.724 0 1.3821 1.3821 1.3821
149 1 1 -73.5384 -157.937 7362.98 180 254.647 0 1.86087 1.86087 1.86087
149 1 1 -315.221 -184.541 7014.96 180 224.37 0 1.52929 1.52929 1.52929
149 1 1 -508.612 -88.598 7313.85 180 152.73 0 1.27614 1.27614 1.27614
149 1 1 271.125 -26.0907 7550.14 180 287.553 0 1.44027 1.44027 1.44027
149 1 1 182.391 -186.449 6870.3 180 180.09 0 1.13932 1.13932 1.13932
149 1 1 -144.922 -201.121 6786.97 180 263.103 0 1.98643 1.98643 1.98643
149 1 1 -66.516 -215.665 7232.96 180 99.6094 0 1.06794 1.06794 1.06794
149 1 1 693.57 -177.296 6842.08 180 268.521 0 1.84461 1.84461 1.84461
149 1 1 858.975 27.9901 7281.95 180 333.817 0 1.29743 1.29743 1.29743
149 1 1 824.054 -287.69 6743.66 180 222.042 0 1.67949 1.67949 1.67949
149 1 1 1592.47 -244.037 7193.4 180 50.5759 0 1.35098 1.35098 1.35098
149 1 1 1601.14 -124.983 7478.54 180 178.656 0 1.40594 1.40594 1.40594
149 1 1 678.646 47.1168 7379.85 180 154.287 0 1.91018 1.91018 1.91018
149 1 1 1565.07 -244.037 7242.17 180 264.772 0 1.67438 1.67438 1.67438
149 1 1 571.237 -166.632 6860.04 180 267.842 0 1.44521 1.44521 1.44521
149 1 1 1425.79 -125.678 7357.86 180 175.634 0 1.26579 1.26579 1.26579
149 1 1 1074.99 -278.179 6850.61 180 331.96 0 1.06867 1.06867 1.06867
149 1 1 909.194 70.5278 7594.96 180 154.141 0 1.53787 1.53787 1.53787
149 1 1 1101.09 -20.559 7395.96 180 229.198 0 1.35935 1.35935 1.35935
149 1 1 772.364 -116.882 6986.1 180 304.327 0 1.67856 1.67856 1.67856
149 1 1 926.425 -236.462 6850.21 180 260.491 0 1.90089 1.90089 1.90089
149 1 1 937.702 -320.317 6660.64 180 300.241 0 1.89856 1.89856 1.89856
149 1 1 1437.55 -179.869 7156.95 180 53.3732 0 1.9938 1.9938 1.9938
149 1 1 1070.84 -365.153 6754.18 180 16.7036 0 1.5815 1.5815 1.5815
149 1 1 1308.48 -266.854 6938.77 180 112.963 0 1.08476 1.08476 1.08476
149 1 1 1011.1 -159.637 6930.22 180 290.052 0 1.9283 1.9283 1.9283
149 1 1 1625.96 -318.618 7119.07 180 48.7085 0 1.64748 1.64748 1.64748
149 1 1 1274.15 -46.1183 7405.02 180 347.667 0 1.64226 1.64226 1.64226
149 1 1 870.355 -1.85359 7245.69 180 129.117 0 1.16723 1.16723 1.16723
149 1 1 681.044 34.8558 7243.27 180 85.5029 0 1.34621 1.34621 1.34621
149 1 1 1517.18 -125.678 7399.18 180 157.44 0 1.48522 1.48522 1.48522
149 1 1 681.145 -4.92847 7072.84 180 70.8053 0 1.76235 1.76235 1.76235
149 1 1 1049.5 24.554 7516.14 180 236.175 0 1.94297 1.94297 1.94297
149 1 1 -1376.8 74.8758 6683.79 180 300.562 0 1.16059 1.16059 1.16059
149 1 1 -1385.89 -238.76 6003.11 180 25.8463 0 1.34493 1.34493 1.34493
149 1 1 -1238.69 -50.1233 6454.75 180 107.75 0 1.82583 1.82583 1.82583
149 1 1 -850.65 -74.0082 6975.8 180 353.559 0 1.16419 1.16419 1.16419
149 1 1 -1202.19 75.345 6870.73 180 167.488 0 1.52502 1.52502 1.52502
149 1 1 -1326.51 -238.76 5909.41 180 189.088 0 1.01734 1.01734 1.01734
149 1 1 -1211.95 -280.574 5937.02 180 266.297 0 1.31907 1.31907 1.31907
149 1 1 -547.282 -306.467 6280.73 180 135.579 0 1.58905 1.58905 1.58905
149 1 1 -972.566 -366.718 5794.08 180 5.16596 0 1.39855 1.39855 1.39855
149 1 1 -1037.28 -318.451 5920.92 180 308.027 0 1.78917 1.78917 1.78917
149 1 1 -551.527 -306.467 6290.91 180 203.765 0 1.71195 1.71195 1.71195
149 1 1 -1208.04 -280.574 5918.76 180 163.503 0 1.55243 1.55243 1.55243
149 1 1 -849.18 -74.0082 6956.42 180 245.941 0 1.96399 1.96399 1.96399
149 1 1 -886.392 -74.0082 6974.98 180 153.935 0 1.05844 1.05844 1.05844
149 1 1 -1122.46 -71.9619 6448.98 180 308.342 0 1.40287 1.40287 1.40287
149 1 1 -1441.49 -142.575 6113.51 180 148.507 0 1.84 1.84 1.84
149 1 1 -1287.52 -136.871 6254.86 180 303.946 0 1.26121 1.26121 1.26121
149 1 1 -858.107 -351.135 6131.2 180 95.4505 0 1.92547 1.92547 1.92547
149 1 1 -955.021 -14.1917 6800.64 180 107.538 0 1.46544 1.46544 1.46544
149 1 1 -1598.1 -3.48401 6367.04 180 355.598 0 1.83813 1.83813 1.83813
149 1 1 -1280.26 -30.5847 6404.04 180 22.482 0 1.75984 1.75984 1.75984
